100
 0  0  3 86 20 27 67 31 16 37 42  8 47  7 84  5 29 91 36 77 32 69 84 71 30 16 32 46 24 82 27 48 14 87 28 77 97 49 88 82  2 14 14 50  2 59  0 77 65 77 70 55 20 68 59 95 64 99 24 67 29  8 77 49 88 50 57 95 68 33  0 70 98 77 74 19 14 91 78 58 86 68 28  9 62 28 87 16 27 54 96 17 15 26 17 57 49 28 15 60 
 0  0 73 74  8  7  5 10 79 80 38 61 43 74 49 34 81 81 14  9  6  6 19 67 22 57 25 36 83 31 31 65 69 90 31 47 29 76 74 55 72 41 54 59 88 66 11 47 40 11  5 54 67  8 92 83 68 92 27 70 73 49 66 15 23 94 36 12 98 30  5 10 86 55 69 10 66  1 30 90 53 32 44 90 34 35 48  7 85 76 18 92 49 12 89 40 20 80 58 10 
 3 73  0 62 92 54 32 44 22 18 69 99 62 69 54  9 74 14 23 88 71 43 98 15  3 18  0 37 39 36  8 45 50 46 67 81 56 25 37 58 87 60 25 69 55 87 36 36 62 78 45 20 69 83 75 90 18 77 26 29 70 45 96 18  1 22 89 32 86 76 96 27 39 83  2 24  5 50 42  0 15 70 31 39 54 26 15 29  7 70 33 78 65 56 89  2 25 88 68  3 
86 74 62  0 15 15 41 41 14  0 52 76 57 23 86  6 48  7 36 66 20 80 52 41  3 99 16  4  5 10 80 95 11 21 76 98 49  3 59 80 92 51 66 99 76 71 89 99 73 78  1 36 31  7 78 26 85 91  4 89 92 48 68 37 42 74 69 34 62 50 96 10 99  2 61 35 51 64 81 63 95 49 48 99 23 19 43 68 75  3 61 80 46 16 63  7 96 78 87 43 
20  8 92 15  0  0 22 57 88  5 47 93 86 85 72 98 21 15 66 82 18  1 81 56 46 43 14 79 87  9 59 79 21 47 40 50 70 78 31  3 60 29  5 46 21  8 65 85 34 30 47 91 72 41  8 80 25  3 34 88 86 43 25 42 36 65 42 63 75 81 45 53 61 30 24 40 72 65 17 96  3 32 89 46 51 87 67 41 58 14 97 47 15 31 61 81 48 13 46 14 
27  7 54 15  0  0 33 66 82 85 15 17 74 27 34 24  3 90 68  8 66  1 61 58 77 19 89 81 64 48 78 74 19 37 90 52 87 72 29 59 10 34 35 42 57 91 67 73 99 35  9 40 27 92 23 38  8 52 51 53 22 19 41 96 50 57 37 37 78 91 68 57 52 92 22  2 97 49 97 20 82  9 43  6 99 38 70 86 82 39 65 27 86 18 36 41  8 96  0 18 
67  5 32 41 22 33  0 10  6 63 27 80 11 69 40 48 52 10 93 32 95 27 79 85 42 50 28 72 33 42 43 97 36 58 70 48 17 32 41 48 35 46  6 18 99 55 45 89 82 59 41 29 84 57 28 64 88 25 62  4 47 82 86 22 97 66 70 26 90 23 47 35 80 60  2 41 22 49 51 25 55 60 33 57 76 70 16 92 44 71 55 54 51 73 89 54 60 84 42  2 
31 10 44 41 57 66 10  0 94  3 73 90 25 64 93 78  5  9 35 88 20 94 58 98 79 38  2  2 60 78 46 50 73 93 27 16 13 99 13 33 15 41 49 10 38 29 27  6 29 84 24 37 58  5 26 39  7 76 41  3 71 51 44 72  0  9 24 52 80 62 26 83 47 45  4 66 66 42 23 57 35  9 85 58 83  2 66 66 84 36 82 80 91  7 26 51 74 77 45 38 
16 79 22 14 88 82  6 94  0 16 89 47 14 92 62 59  8 44  3 69 13 19  9 34 62 43 57 30 69 41  9 71 96 21 80 42 70 98 42  3 73 10 59 61 89 60 77 31 62 87 27 26  7 37  1 32 88 17  7 87 37 15 25 47 91 42 15 12 63 30 39 57 85 83 16 74 76 69 16 35 29 92 41 21 24  3 86 83  1 18 52 28 62 54 56 46 78 17 72 24 
37 80 18  0  5 85 63  3 16  0 16 88 89  9 25 89 69 12 41 43 43 78 88 41 89 56  1 88 58 39 92 91 57 64 38 12  8 99 51 96 27 40 67 46  6  8 75 14 87 21 55 15 61 63 95 97 26  1 26 19 98 95 81 14 52 28 60 50 31 32 77  8 68 89  4 39 90 48 41 79  9 67 86 28 12 90 81  8 24 95 39 85 77 94 10  0 28 71 23 40 
42 38 69 52 47 15 27 73 89 16  0 10 67  3 66 97 71 69 55 33 67 55 36 32 39  9 29 79 53 54  2 67 50 31 29 56 21 52 90 43 64 27 57 72 21 49 65 32 59 53 43 13 51 78 70 22 43 96 75 80 41  0 93 54 46 46 54 82  9  5 63 17  0 70 88 81  5 14 85  2 93  0 10 98 28 95  0  6  6 24 30 77 39 80 74 97 36 78 20 95 
 8 61 99 76 93 17 80 90 47 88 10  0 36 92 27 37 93 54 26 42 27 72 87 53 85  6 20 47 75 19 75 76 77 68 67 66 27 33 24 24 40 72 44 20 23 65 26 50 75 81 73 97 90 75 16 44 16 17 93  6 11 89 81 89 23  8 66 86 81 72  3 75 52 28  3 74 40  2 33 70 99 56 36 29 93 51 98 47 38 32 11 10  2 71 33 64 34 23 14 13 
47 43 62 57 86 74 11 25 14 89 67 36  0 70 89 55  5 32 93 30 63 99  6 58 75 39 85 34 59 27  4 43 50 76  1 11 85 59 58 81 86 18 95  7 64 63 52  7 84 15 69 16 80 58  8 40  5 89 75 90 47 83 16 43 53 20 25 87 43 38 68  7  4  4  8 49 93 19  5 67 94  2  8 11  8 23 66 54 66 64 34 36 93 44 44 76 73 34 58 93 
 7 74 69 23 85 27 69 64 92  9  3 92 70  0 89 41 47 26 29 41 45 51 93 95 69 27 33 68 13 21 21 42 63  6 28 98 75 14 34 89 22 98 37 52  3 39 12 15 67 86 39  0 94 32 97 43 41 62 11 55 41 12 80  9  9 34 23 45  8 70 48 94 60 51 89 77 18 95 96 51 26 67 73 71 43 19 79 12 96 30 55 77 98  5 34 65 41 12 50 82 
84 49 54 86 72 34 40 93 62 25 66 27 89 89  0 47 61 52 27 47 60 87 84 10 86  9 88 51 83 36 63 80 46 48 42 84 71  2 20 43 82 24 95 23 43 70  3  8 51  2 55 46 29  1 17 39 98 11  9 92 79 97  8 97 56 54 73 32  8  8 37 86 80 78 29 46 66  8 25  7 10 91 38 97 51 18 90 15 72 50 41 27 37 88 57 86  0 88 38 44 
 5 34  9  6 98 24 48 78 59 89 97 37 55 41 47  0 47 39 53 89 95 13 43 24 51 55 83 63 18 54 31 18 96 37 88  1  8 62 58 62 65  7 80 41 35 76 64  0 77 77 63 65 82 38 58  2  1 64 35 95 63 63 87  1 19 71 68 11 65 75 79 29 11 14 70 59 28 87 76 57 69 17 33 78 52 46 41 49 52 54 57 25 38 30 51 18 60 48 53 10 
29 81 74 48 21  3 52  5  8 69 71 93  5 47 61 47  0 56  4 68 84 51 34 38 36 52 27 93 48 79 70 99 46 74 24  4 62 73  5 46 77 47  6 65 15 39 10 41 16 57 52 34 14 95 56 18 71 88 40 30 84 43 58 67 36 77 45  2 64 66 64 19 74 99 81 67 14 58 12 98 98 98 14 32 28 86 33 60 65 27 12 96 50 81 20 12 68 44 71 40 
91 81 14  7 15 90 10  9 44 12 69 54 32 26 52 39 56  0  3 66 41 15 43 14 84 89 16  6 24 60 76 67 72 62 64  1 82 39 19 66 66 97 10 97  7 83 12 18 56 65 56 39 10 90 11 18 83 59 97 51 31 34 21 13 97 69 87 48 84 47 37  9 65 32  4 75 85 95 92  2 40 68 25 86 10 25  8 44 85  0 10 45 29 97 57 39 50 45 88 68 
36 14 23 36 66 68 93 35  3 41 55 26 93 29 27 53  4  3  0 85 98 24 69 10 98 47 84 35 36 82 52 54 90 40 39 42 17 65 34 36 30 85 24 32 97 60  8 82 24 83 37 93 26 87 67 42 86 33 77 50 65  7 86 15 14 55 65 73 85 14 38 22 62 27  4 64 51 55 41 29 89 18 61 83 85 34 31 40 81 30 86 38  8 44 77 34 67 54 62 33 
77  9 88 66 82  8 32 88 69 43 33 42 30 41 47 89 68 66 85  0 68 90 13 66  7 20 87 67 48 20 14 22 66 61 79 91 49 75 98 24 67 85 28 22 64 24 58  7 26 45 62 17 27 26 24 33 68 21 55 94 46 87 65 75 27 12 66 18 13 20 12 52 19 21  4 38  2 25 18 21  9 63 28 83 41 62 44 24 45 68 75 14 74 34 87 96 88 92 27 31 
32  6 71 20 18 66 95 20 13 43 67 27 63 45 60 95 84 41 98 68  0 92 83 25 20 10 35 97 36 60 81  4 50 80 71 58 54 10 34 54 81 33 72 96  9 31 97 31 79 14 52 99 59 22 79 96 65  8  4 70 80 48 74 24 61 52 56 81 15 56 85 43 85 22 23 50 75 86 58  6  8 11 69 54 95 59 22 92 61 75 80 73 49 45 40 38  5 78 34 60 
69  6 43 80  1  1 27 94 19 78 55 72 99 51 87 13 51 15 24 90 92  0 19 18 55  7 55 98 84 51 24 78 53 81 57 32 47 97 98 77 32 90 23 70 92 37 35  2 65 69 27 60 47 91 79 57 87 50 50 41  0 96 78 19 71 79 87 76 14 64 89 74 27 72  3 47 44 75 45 38 89 96 57 43 62  2 75 57 27 84 68 29 88 66 77 88 51 84 50 88 
84 19 98 52 81 61 79 58  9 88 36 87  6 93 84 43 34 43 69 13 83 19  0 28 24 54 67 27 29 95 54 19 84  0 44  0 54 16 20 74 53 49 17 21 30 45 32 42 25 74 36 82 35 86 55 72 81 42 91 55 61 30 35 75 43 34 80 40 39 15 27  4 40  9 61 17 14 57 16 36 16 35 84  7 33 25 13 55 69 68  5 35 73 77 30 46 15 95 78  2 
71 67 15 41 56 58 85 98 34 41 32 53 58 95 10 24 38 14 10 66 25 18 28  0  3 52 46  1 88 24 30 65 73 20 46 17 70 40 23 20 31 85 40 12 57 10 86 92 80 47 73 46 45 47 39 30 56 15  5 39 56 31 88 16 50 87 77 10 98 86 15 66 46 74 63  8 46 10 32 53  4 87 96 60 60 66 34 22 66 81 75 18 38 28 17 23 95 51 63 16 
30 22  3  3 46 77 42 79 62 89 39 85 75 69 86 51 36 84 98  7 20 55 24  3  0 94 80 91 43 47 88 52 31 68 73 62 46 75 86 22 55 71 44  7 23 58 17 76 67 59 79 22 39 67 45 51 13 35 45 53 97 66 12 21 97 92 71 12  3 32 71 74 72 73 85 68 34 16 77 70 39 76 11 24 21 35 39 85 56 81 20 75 30 90 22 33 48 15 37 44 
16 57 18 99 43 19 50 38 43 56  9  6 39 27  9 55 52 89 47 20 10  7 54 52 94  0 53 19  6 66 27 40  8  2  5 81  6 66 15 80 14 70 26 71 44  5 76 75 53 99 93 63 81 93 54 71 70 34 31 90 96 11 16 32 47 60 38 53 36 19  2 94 45 22 14 58 10 43 80 42 12 38 89 88 42 53  9 24 32 84 71  7 86 15  9 92 48 66 88 89 
32 25  0 16 14 89 28  2 57  1 29 20 85 33 88 83 27 16 84 87 35 55 67 46 80 53  0 91 26 34 76 23 65 44 87 23 29 52 91 74 75 72 28 47 10 36 73 50 13  9 38 59 80 54 43 73 14 60  3 82 34 71 14 31  5 78 55 13 88 54 13 34 65 50  0 27  6 84 47 14 61 84 61 35  4 75 94 97 67 11 67  9 31  1 30 17 66 81 69 45 
46 36 37  4 79 81 72  2 30 88 79 47 34 68 51 63 93  6 35 67 97 98 27  1 91 19 91  0 39 22 81 98 31 79 81  1 29 27 10 78 88 35 59 78 78 72 35  9 60 49 13 62 53 36 80 93 95 18 42 25 99 71 53 87 68 70  5 80 11 67 58 62 75  3 27 85 91 23 38 13 97 35 29 19 81 17 50 34 56 55 94 98 77 90 68 39 40 82 64 60 
24 83 39  5 87 64 33 60 69 58 53 75 59 13 83 18 48 24 36 48 36 84 29 88 43  6 26 39  0 31 33 21 48 23 30 63 97 27 81 61 27 54 80 60 48 40 10 61 80 36 61 57 47 80 47 48  0 83 29  8 30 12 80 60 83 53 60 76 92 63 76 41 81 75 48 11  6  1  9 67 34 42  6 66 95  8 86 99 37  1 75 46 65 24 89 70 77  7 40 83 
82 31 36 10  9 48 42 78 41 39 54 19 27 21 36 54 79 60 82 20 60 51 95 24 47 66 34 22 31  0 87 73 16  1 22 75 54 42 38 81 33 54 65  1 61 66  4 59 26  9 25 71 34 42 32 79 67 78  6 47 16  6 38 28 84 44  9 41 63 74 80 42 28 39  4 59 99 11 75 24 64 49 57 38 75 20 83 37 51 45  8 56 38 77 41 90 39 58 15 29 
27 31  8 80 59 78 43 46  9 92  2 75  4 21 63 31 70 76 52 14 81 24 54 30 88 27 76 81 33 87  0 94 84 55 90 67 76 48 84 94 60 47 90 73 71 38 18 17 61 63  4 99 63 86 35 55 37 30 21 18 14 29 64 16  7 76 79 50 49 56 63 24 82  0 39  3 13 88 99 28  5  4 29  1 60  9  7 19 31 79 74 34 64 53 44 51 36 45  5  3 
48 65 45 95 79 74 97 50 71 91 67 76 43 42 80 18 99 67 54 22  4 78 19 65 52 40 23 98 21 73 94  0 74 53  6 65 53 51 50 81 95 42 36 32 47 28  8 71 92  6 17 85 15  1  2 77 43  1 37 70 21 54 12 78  3 27 39 98 57 59 96  9 17 47 58  2 43 45 81 49 53 72 27  7 52 46 48 13 70  6 78 99 71 83 88 54 17 30 12  2 
14 69 50 11 21 19 36 73 96 57 50 77 50 63 46 96 46 72 90 66 50 53 84 73 31  8 65 31 48 16 84 74  0 85 18 44 67 65 64 61 62  5 56 34  3 66 68 21 42 13  6 55 85 47  9 76 13 53  0 67 37 34 78 94 60 38 64 59 11  7 71 14 90  3 48 99 27 88 17  3 48 76 11 59 13 57 70  8 39 90 65 27 60  0 52 74 56 22 72  0 
87 90 46 21 47 37 58 93 21 64 31 68 76  6 48 37 74 62 40 61 80 81  0 20 68  2 44 79 23  1 55 53 85  0 74 93 57 54 13 65  0 51 40 10  5 99 84 26 29 90 91 68 60 24 57 65 24 93 80 99 96 61 76 54 55 20 64 57 26 90 10 78 78 14 91 54 85 51 13 59 68 78 92 29 66 41 96 17 13 35 83 43 18 86  7 54 65 70 68 14 
28 31 67 76 40 90 70 27 80 38 29 67  1 28 42 88 24 64 39 79 71 57 44 46 73  5 87 81 30 22 90  6 18 74  0 97  1 15 84 38 54 53 76 71 27 97 76 75 43 67 73 88 49 39 44 60 67 81 80 92 99 38 56 94 95 47 64  2 36  8 86 27 84 26 65 44 10  0 87 36  3 39 15 40  6 19  1 77 49 13 90 53 70 58 97 73 35 41 88 87 
77 47 81 98 50 52 48 16 42 12 56 66 11 98 84  1  4  1 42 91 58 32  0 17 62 81 23  1 63 75 67 65 44 93 97  0 14 24 43 76 61 36 40 47  7 88 10 77 72 11 53 52 43 22  2 68 88 44 86  3 90 59 23 70 25 64 52 13 25 50 71 11 89 38 57 88 44 29 69 61 57 62 69 64 58 84 17 26 33 65 12  6 70 36 89 95 96 10  1 54 
97 29 56 49 70 87 17 13 70  8 21 27 85 75 71  8 62 82 17 49 54 47 54 70 46  6 29 29 97 54 76 53 67 57  1 14  0 28 23 47 42 16 11  3 38 66 92 98 92 61 48 26 34 23 93 76 34 82 94 47 90 43 82 56 95 75 46 68  0 55 32  1 71 37 61 97 34 42 48 38 12 85 99 71 33 78 89 65 61 74 76  3 50 59 94 96 58 83 18 64 
49 76 25  3 78 72 32 99 98 99 52 33 59 14  2 62 73 39 65 75 10 97 16 40 75 66 52 27 27 42 48 51 65 54 15 24 28  0 51  6 17 26 89 89 21 91 75 57 70 37  2 22 25 32 45 33 64 29 67 98 83 23 41 90 70 85  8 37 47 85 26 51 71 70 75 58 52 71 25 19 30 52 82 62 10 24 68 70 61 69  2 86 12 83 85 30 11  9 12 49 
88 74 37 59 31 29 41 13 42 51 90 24 58 34 20 58  5 19 34 98 34 98 20 23 86 15 91 10 81 38 84 50 64 13 84 43 23 51  0 32 11 54 33 37 38 97 74 38 54 12 55  4 49 13 89 16 39 17 39 74 46  4 13 87 94 67 91 16 61 72 26 46  2 82 62 11 94 12 10 93 93 29 14 69 97 92 83 81 58 16 64 49 78 98  5 60 97 36  5 89 
82 55 58 80  3 59 48 33  3 96 43 24 81 89 43 62 46 66 36 24 54 77 74 20 22 80 74 78 61 81 94 81 61 65 38 76 47  6 32  0 42 33 72 43  3 67 20 40 61 68 89 57 70 31 63  4 79 58 20 19 39  8 35 84 41  3 27  9 68  4 27 34 61 76 84 49 41 82 60 21 18  0 74 94  2 39 92 89 81 86 71 22 26 47 15 28 68 22 94 36 
 2 72 87 92 60 10 35 15 73 27 64 40 86 22 82 65 77 66 30 67 81 32 53 31 55 14 75 88 27 33 60 95 62  0 54 61 42 17 11 42  0 14 50 30 57 36 22 56 69 25 15  4  6  3 33 78 97 39 36  8  5 99 93  1 57 47  2 37 82 50 50 65 73 77 15  7 65 90 32 76 84 50 67 45 95 11 80 57 85 63 72 41 35 38 34 73 70 10 57  3 
14 41 60 51 29 34 46 41 10 40 27 72 18 98 24  7 47 97 85 85 33 90 49 85 71 70 72 35 54 54 47 42  5 51 53 36 16 26 54 33 14  0 97 37 70 42 77 30  3 74 68 56  4 28 52 89 52 46 42 94 44 11  4 87 58 41 65  7  1 42 80  6  8 87 79 35 54 76 32 80 85 65 75 73 78 93  7  2  0 40 51 64 18 89 26 62 72 77 81 26 
14 54 25 66  5 35  6 49 59 67 57 44 95 37 95 80  6 10 24 28 72 23 17 40 44 26 28 59 80 65 90 36 56 40 76 40 11 89 33 72 50 97  0 29 61 85 11 67 33 83 10 65 61 48 65 93 35 99 91 31 44 59 29 54 32 79 90 81 82 49 66 53 40 70 22 88 77 59 82 59 55 15 83 52 38 62 57 26 58 53 65 78 51 96 95 72 95 33 97  5 
50 59 69 99 46 42 18 10 61 46 72 20  7 52 23 41 65 97 32 22 96 70 21 12  7 71 47 78 60  1 73 32 34 10 71 47  3 89 37 43 30 37 29  0 28 98 14  6 39 22 30 91 32 53 60 23 36 34 36 55 90 38 62 45 31 54 58 77 80 82  7 25 73 72 71 48 10 26 51  0  5 28 91 87 66 94 68 13 31 50  7  3 49 65 17 76 69 16 42 20 
 2 88 55 76 21 57 99 38 89  6 21 23 64  3 43 35 15  7 97 64  9 92 30 57 23 44 10 78 48 61 71 47  3  5 27  7 38 21 38  3 57 70 61 28  0 91 57 53 97 82  9 53 58 55 10 57 68 90 80 58 65 10 86 11 97 66 25 91 13 90 61 93  8  9 60 96 43 41 38  6 90  6  4 43 72 38 56 44  6 65 73 87 54 93  8 79 55 34 73 43 
59 66 87 71  8 91 55 29 60  8 49 65 63 39 70 76 39 83 60 24 31 37 45 10 58  5 36 72 40 66 38 28 66 99 97 88 66 91 97 67 36 42 85 98 91  0 92 35 67 92 95  7  4  7 17 80 19 22 16  1 73  0 18 77 94 55 75 21  2 44 20 39 18 43 84  2 57 73 35 49 55 51 55 40 71 70 56 54 69 38  3 92 80 38  9 36 83 70  0 70 
 0 11 36 89 65 67 45 27 77 75 65 26 52 12  3 64 10 12  8 58 97 35 32 86 17 76 73 35 10  4 18  8 68 84 76 10 92 75 74 20 22 77 11 14 57 92  0 65  4 71 68 49 58 92  6 95 53 29 46 20 39 70  5 83 88  8  7 36 76 92 76 44 31 51 25  8 97 70 45 61 48 51 94 11 60  5 51 54  8 45 81 85 57 86 19 65 70 65 74 43 
77 47 36 99 85 73 89  6 31 14 32 50  7 15  8  0 41 18 82  7 31  2 42 92 76 75 50  9 61 59 17 71 21 26 75 77 98 57 38 40 56 30 67  6 53 35 65  0 39 40 17 32 10 37 99 79 80 37 98 89 65 45 27 90 71 59 14 55 24 49 58  0 40 13 20 43 37 55 88 89 13 16 54 65 64 49 56 34 96 20  2 51 53 76 71 50 92  6 42 67 
65 40 62 73 34 99 82 29 62 87 59 75 84 67 51 77 16 56 24 26 79 65 25 80 67 53 13 60 80 26 61 92 42 29 43 72 92 70 54 61 69  3 33 39 97 67  4 39  0 44 90 24 40 56 25 66 44 13 47 78 51 68  4 93 16 41 59 43 38 52 99 51 52 16  8 27 30 10 13 51 14 68 12 71  8  3 61 36 99 32 47 66 82 56  2 10  6 44 27 51 
77 11 78 78 30 35 59 84 87 21 53 81 15 86  2 77 57 65 83 45 14 69 74 47 59 99  9 49 36  9 63  6 13 90 67 11 61 37 12 68 25 74 83 22 82 92 71 40 44  0 81 90 20 57 97 68 41 92 47 92 58 30 70 56 43 39 33 16 22 28 38 37  2 70 11 12 23 54 12 36  4 15 81 85 91 55 91 28 17 55 93 91 38 35 60 23  3 10 71 61 
70  5 45  1 47  9 41 24 27 55 43 73 69 39 55 63 52 56 37 62 52 27 36 73 79 93 38 13 61 25  4 17  6 91 73 53 48  2 55 89 15 68 10 30  9 95 68 17 90 81  0 74 61 93 76 96  5 44 53 91 43 59 37 28 17 81 43 86 98 43 26 15  4 37 40 58 94 62 44  1 14  4 34 49 74 98  8 55 79 64 80 47 64 27 26 27 83 52  6 42 
55 54 20 36 91 40 29 37 26 15 13 97 16  0 46 65 34 39 93 17 99 60 82 46 22 63 59 62 57 71 99 85 55 68 88 52 26 22  4 57  4 56 65 91 53  7 49 32 24 90 74  0 62 63 98 54 20 26 57 42  7  6 50 33 26 41 69 41 27 89 96 42 97 30 76 46 76 44 38 17 85 91 45 62 41 63 88 92 80 81 40 26 41 70 32 87 64 17 29  7 
20 67 69 31 72 27 84 58  7 61 51 90 80 94 29 82 14 10 26 27 59 47 35 45 39 81 80 53 47 34 63 15 85 60 49 43 34 25 49 70  6  4 61 32 58  4 58 10 40 20 61 62  0  1  3 15 59 58 78  8 56  8 92 67  6 41 22 66  9 50 54 47 26 56  3 73 60 36 88 36 37 93 94 11 71 94 78 46 47 57 20 25 58 58  4 64 86 13 95  7 
68  8 83  7 41 92 57  5 37 63 78 75 58 32  1 38 95 90 87 26 22 91 86 47 67 93 54 36 80 42 86  1 47 24 39 22 23 32 13 31  3 28 48 53 55  7 92 37 56 57 93 63  1  0 15 24 52 36 92 16 66 21  8  0 43 69 48 25 60 46 20 29 56 75 87 85 45 57 50 96 63 39 44  8 86 41 72 19 72 22 64 24 22 32 49 13 70 94 74 13 
59 92 75 78  8 23 28 26  1 95 70 16  8 97 17 58 56 11 67 24 79 79 55 39 45 54 43 80 47 32 35  2  9 57 44  2 93 45 89 63 33 52 65 60 10 17  6 99 25 97 76 98  3 15  0 31 95  3 45 77  1 99 27 18 20 41 63  7 59 52 80  0 70 38 12 32 80 58 36  0 38 75 25 55 31 57 60 47 54 36  3 84 28 42 63 81 12 57 67 22 
95 83 90 26 80 38 64 39 32 97 22 44 40 43 39  2 18 18 42 33 96 57 72 30 51 71 73 93 48 79 55 77 76 65 60 68 76 33 16  4 78 89 93 23 57 80 95 79 66 68 96 54 15 24 31  0 49 72 28 65 31 35 98 52 93 27  7  6 51 93 57 38 60 29 10 78 51 97 86 24 66 12 71 53 12 35 89 48 91 55 95 39 96 49 94 51 53 62 85 22 
64 68 18 85 25  8 88  7 88 26 43 16  5 41 98  1 71 83 86 68 65 87 81 56 13 70 14 95  0 67 37 43 13 24 67 88 34 64 39 79 97 52 35 36 68 19 53 80 44 41  5 20 59 52 95 49  0 69 23 98  7 17 11 56 18 48 30 95 42 37 48 22 30 83 29 80 74 27 41 70  4 65 30 37 53 57 95 16  5 71  1  9  5 96 13 35 89 39 41 52 
99 92 77 91  3 52 25 76 17  1 96 17 89 62 11 64 88 59 33 21  8 50 42 15 35 34 60 18 83 78 30  1 53 93 81 44 82 29 17 58 39 46 99 34 90 22 29 37 13 92 44 26 58 36  3 72 69  0 86 68 24 82 81 72  5 60 44 54 61 88 69 74 92 84 81 14 96 37 91 19 74 22 24 51 33 28 37 49  0  0  6 95 56 14 57  6 44 22 51 29 
24 27 26  4 34 51 62 41  7 26 75 93 75 11  9 35 40 97 77 55  4 50 91  5 45 31  3 42 29  6 21 37  0 80 80 86 94 67 39 20 36 42 91 36 80 16 46 98 47 47 53 57 78 92 45 28 23 86  0 32 29 72 91 12 13 59 37 75 85 91 58  6 38  8 90 60 63 38 39 45  1 54 60 98 75 81 98 41 26 41 65 63 17 74 17 33 22 17 48 81 
67 70 29 89 88 53  4  3 87 19 80  6 90 55 92 95 30 51 50 94 70 41 55 39 53 90 82 25  8 47 18 70 67 99 92  3 47 98 74 19  8 94 31 55 58  1 20 89 78 92 91 42  8 16 77 65 98 68 32  0 88 93 17 73 29 55 82 71 12 92  1 72 38 81 15 42 19 56 42  4  4  9 35 49 22 65 87 61 29 80 77  1 74 62  5 66 36 10 53 32 
29 73 70 92 86 22 47 71 37 98 41 11 47 41 79 63 84 31 65 46 80  0 61 56 97 96 34 99 30 16 14 21 37 96 99 90 90 83 46 39  5 44 44 90 65 73 39 65 51 58 43  7 56 66  1 31  7 24 29 88  0 94 27 60 46 15 42 18 22 92 58 14 57 58  5 68 76 62 61 65 66 73 81 62 61 61 39 17 91 72 75 86 97 71 97 74 94 55 93 38 
 8 49 45 48 43 19 82 51 15 95  0 89 83 12 97 63 43 34  7 87 48 96 30 31 66 11 71 71 12  6 29 54 34 61 38 59 43 23  4  8 99 11 59 38 10  0 70 45 68 30 59  6  8 21 99 35 17 82 72 93 94  0  7 38 43 75 36 62 29 52 19 95  4 53 83 11 50 49 27 67 42 28 66 20 99 22 12 53 83 33  7  3 92 47  9 97 41 67 93 58 
77 66 96 68 25 41 86 44 25 81 93 81 16 80  8 87 58 21 86 65 74 78 35 88 12 16 14 53 80 38 64 12 78 76 56 23 82 41 13 35 93  4 29 62 86 18  5 27  4 70 37 50 92  8 27 98 11 81 91 17 27  7  0 32 31 41 30 62 81  9 25 21 92  5  2 65 98 24 32 85 61  9 94 91 62 40 22 97 28 76  2 60 16 93 58 17 10 96 17 33 
49 15 18 37 42 96 22 72 47 14 54 89 43  9 97  1 67 13 15 75 24 19 75 16 21 32 31 87 60 28 16 78 94 54 94 70 56 90 87 84  1 87 54 45 11 77 83 90 93 56 28 33 67  0 18 52 56 72 12 73 60 38 32  0 15  7 12 28 51 37 74 80 69 12 32 86 60 11 92 57 17 13 98 69 73 97 82 84 30 14 47 39 48 26 53 36 53  4 93  8 
88 23  1 42 36 50 97  0 91 52 46 23 53  9 56 19 36 97 14 27 61 71 43 50 97 47  5 68 83 84  7  3 60 55 95 25 95 70 94 41 57 58 32 31 97 94 88 71 16 43 17 26  6 43 20 93 18  5 13 29 46 43 31 15  0 95  7 85 32 65 93 14  8 33 29 92 39 86 10 34 69 77  0 62 75  1 51 78  4 65 61 80 22 25 90  7 99  2 37 31 
50 94 22 74 65 57 66  9 42 28 46  8 20 34 54 71 77 69 55 12 52 79 34 87 92 60 78 70 53 44 76 27 38 20 47 64 75 85 67  3 47 41 79 54 66 55  8 59 41 39 81 41 41 69 41 27 48 60 59 55 15 75 41  7 95  0 48 95 40 41  9 53 63 84 25 93 77 58 63 48 51 63 68  2 10 75 71 36 21 87 65 95 19 16 40 57 88  5 26 47 
57 36 89 69 42 37 70 24 15 60 54 66 25 23 73 68 45 87 65 66 56 87 80 77 71 38 55  5 60  9 79 39 64 64 64 52 46  8 91 27  2 65 90 58 25 75  7 14 59 33 43 69 22 48 63  7 30 44 37 82 42 36 30 12  7 48  0 44 47 96 50  4  4 29 91 26 13 14 99 55 99 79 90 12 33 47 97 15  5 68 59 11 99 71 50 60 96 45 96  8 
95 12 32 34 63 37 26 52 12 50 82 86 87 45 32 11  2 48 73 18 81 76 40 10 12 53 13 80 76 41 50 98 59 57  2 13 68 37 16  9 37  7 81 77 91 21 36 55 43 16 86 41 66 25  7  6 95 54 75 71 18 62 62 28 85 95 44  0 38 31 13 30 31 90 68 34 65 90 52 57 80 97  5 94 16 95 39 42 14 57 45 48 59 37 84 92 86 57 98 49 
68 98 86 62 75 78 90 80 63 31  9 81 43  8  8 65 64 84 85 13 15 14 39 98  3 36 88 11 92 63 49 57 11 26 36 25  0 47 61 68 82  1 82 80 13  2 76 24 38 22 98 27  9 60 59 51 42 61 85 12 22 29 81 51 32 40 47 38  0 88 23 88  8 93 75 45 40  2 59 35 41 14 90 69  5 59 26 13 89 36 89 17 77 15 80 66 62 54 94 91 
33 30 76 50 81 91 23 62 30 32  5 72 38 70  8 75 66 47 14 20 56 64 15 86 32 19 54 67 63 74 56 59  7 90  8 50 55 85 72  4 50 42 49 82 90 44 92 49 52 28 43 89 50 46 52 93 37 88 91 92 92 52  9 37 65 41 96 31 88  0 99 42 38 78 96 58 78 75 47 29 91 86 30  1  0 87  8 68  6 26 32 40 45 68  8 10 46 13 87 74 
 0  5 96 96 45 68 47 26 39 77 63  3 68 48 37 79 64 37 38 12 85 89 27 15 71  2 13 58 76 80 63 96 71 10 86 71 32 26 26 27 50 80 66  7 61 20 76 58 99 38 26 96 54 20 80 57 48 69 58  1 58 19 25 74 93  9 50 13 23 99  0 62 97  3 15 89 46 38 45 17 45 24 74 57 49 84 37 49 48 81 18 49 43 36 41 32 26 17  6 83 
70 10 27 10 53 57 35 83 57  8 17 75  7 94 86 29 19  9 22 52 43 74  4 66 74 94 34 62 41 42 24  9 14 78 27 11  1 51 46 34 65  6 53 25 93 39 44  0 51 37 15 42 47 29  0 38 22 74  6 72 14 95 21 80 14 53  4 30 88 42 62  0 47 24 15 44 21 21 94 43 10 70 15 39 72  3 83 30 78  6 14 32 22 16 55 22 89 56 97 86 
98 86 39 99 61 52 80 47 85 68  0 52  4 60 80 11 74 65 62 19 85 27 40 46 72 45 65 75 81 28 82 17 90 78 84 89 71 71  2 61 73  8 40 73  8 18 31 40 52  2  4 97 26 56 70 60 30 92 38 38 57  4 92 69  8 63  4 31  8 38 97 47  0 51 42 86 40  0 69 41  0 49 26 34 19 47 16 75 17  9 78 23 86 32 35 20 24 62 18 96 
77 55 83  2 30 92 60 45 83 89 70 28  4 51 78 14 99 32 27 21 22 72  9 74 73 22 50  3 75 39  0 47  3 14 26 38 37 70 82 76 77 87 70 72  9 43 51 13 16 70 37 30 56 75 38 29 83 84  8 81 58 53  5 12 33 84 29 90 93 78  3 24 51  0 45 43 34 14 67 37 86 50 66 13 55 13 67 51  8 62 84 94 89 77 51 40 12 84 99 80 
74 69  2 61 24 22  2  4 16  4 88  3  8 89 29 70 81  4  4  4 23  3 61 63 85 14  0 27 48  4 39 58 48 91 65 57 61 75 62 84 15 79 22 71 60 84 25 20  8 11 40 76  3 87 12 10 29 81 90 15  5 83  2 32 29 25 91 68 75 96 15 15 42 45  0 50 37 74  6  7 26 87 46  5 42 63  8 17 23 15 32 57 86 59 82 66 75 62 43 91 
19 10 24 35 40  2 41 66 74 39 81 74 49 77 46 59 67 75 64 38 50 47 17  8 68 58 27 85 11 59  3  2 99 54 44 88 97 58 11 49  7 35 88 48 96  2  8 43 27 12 58 46 73 85 32 78 80 14 60 42 68 11 65 86 92 93 26 34 45 58 89 44 86 43 50  0 20 66 83 26 71 49 98 70 43  7 72 17  4 71 94 88 75 88 25 66 48 38 11 86 
14 66  5 51 72 97 22 66 76 90  5 40 93 18 66 28 14 85 51  2 75 44 14 46 34 10  6 91  6 99 13 43 27 85 10 44 34 52 94 41 65 54 77 10 43 57 97 37 30 23 94 76 60 45 80 51 74 96 63 19 76 50 98 60 39 77 13 65 40 78 46 21 40 34 37 20  0  9 64 75 18 39 23 45 12 45 15 87 11 15 13 71 50 11 28 63 97 55 70 42 
91  1 50 64 65 49 49 42 69 48 14  2 19 95  8 87 58 95 55 25 86 75 57 10 16 43 84 23  1 11 88 45 88 51  0 29 42 71 12 82 90 76 59 26 41 73 70 55 10 54 62 44 36 57 58 97 27 37 38 56 62 49 24 11 86 58 14 90  2 75 38 21  0 14 74 66  9  0 96 56 83 79 28 88 92 15 95 29 48 51 93 92 94  7 34 42 76 36 17 63 
78 30 42 81 17 97 51 23 16 41 85 33  5 96 25 76 12 92 41 18 58 45 16 32 77 80 47 38  9 75 99 81 17 13 87 69 48 25 10 60 32 32 82 51 38 35 45 88 13 12 44 38 88 50 36 86 41 91 39 42 61 27 32 92 10 63 99 52 59 47 45 94 69 67  6 83 64 96  0 74 89 88  9 15 64  7 77  8  2 27 68 16 93 61 27 33 13 74 86 55 
58 90  0 63 96 20 25 57 35 79  2 70 67 51  7 57 98  2 29 21  6 38 36 53 70 42 14 13 67 24 28 49  3 59 36 61 38 19 93 21 76 80 59  0  6 49 61 89 51 36  1 17 36 96  0 24 70 19 45  4 65 67 85 57 34 48 55 57 35 29 17 43 41 37  7 26 75 56 74  0  9 36 42 48 97 25 44 57 46 62 85 13 52 19  1 25 42 24 39 63 
86 53 15 95  3 82 55 35 29  9 93 99 94 26 10 69 98 40 89  9  8 89 16  4 39 12 61 97 34 64  5 53 48 68  3 57 12 30 93 18 84 85 55  5 90 55 48 13 14  4 14 85 37 63 38 66  4 74  1  4 66 42 61 17 69 51 99 80 41 91 45 10  0 86 26 71 18 83 89  9  0 44 70 45 80 25 90 70 20 84 53 18  4 34  4 66 14 39 43 30 
68 32 70 49 32  9 60  9 92 67  0 56  2 67 91 17 98 68 18 63 11 96 35 87 76 38 84 35 42 49  4 72 76 78 39 62 85 52 29  0 50 65 15 28  6 51 51 16 68 15  4 91 93 39 75 12 65 22 54  9 73 28  9 13 77 63 79 97 14 86 24 70 49 50 87 49 39 79 88 36 44  0 88 64 26 69 15 68 16 46 90 47 39 79 63 96  3 62 96 66 
28 44 31 48 89 43 33 85 41 86 10 36  8 73 38 33 14 25 61 28 69 57 84 96 11 89 61 29  6 57 29 27 11 92 15 69 99 82 14 74 67 75 83 91  4 55 94 54 12 81 34 45 94 44 25 71 30 24 60 35 81 66 94 98  0 68 90  5 90 30 74 15 26 66 46 98 23 28  9 42 70 88  0  2 40 11 14  1 55 91 94 69 13 70 14 36 24 29 73 52 
 9 90 39 99 46  6 57 58 21 28 98 29 11 71 97 78 32 86 83 83 54 43  7 60 24 88 35 19 66 38  1  7 59 29 40 64 71 62 69 94 45 73 52 87 43 40 11 65 71 85 49 62 11  8 55 53 37 51 98 49 62 20 91 69 62  2 12 94 69  1 57 39 34 13  5 70 45 88 15 48 45 64  2  0 26 64 52 94 98 20 14 54  4 87 45 94 41 12 37 49 
62 34 54 23 51 99 76 83 24 12 28 93  8 43 51 52 28 10 85 41 95 62 33 60 21 42  4 81 95 75 60 52 13 66  6 58 33 10 97  2 95 78 38 66 72 71 60 64  8 91 74 41 71 86 31 12 53 33 75 22 61 99 62 73 75 10 33 16  5  0 49 72 19 55 42 43 12 92 64 97 80 26 40 26  0 82 68 98 25 26 88 37 18  2 48 63 41 96 65 86 
28 35 26 19 87 38 70  2  3 90 95 51 23 19 18 46 86 25 34 62 59  2 25 66 35 53 75 17  8 20  9 46 57 41 19 84 78 24 92 39 11 93 62 94 38 70  5 49  3 55 98 63 94 41 57 35 57 28 81 65 61 22 40 97  1 75 47 95 59 87 84  3 47 13 63  7 45 15  7 25 25 69 11 64 82  0 50 86 49 27  5  7 99 58 90 94 66 34 97 50 
87 48 15 43 67 70 16 66 86 81  0 98 66 79 90 41 33  8 31 44 22 75 13 34 39  9 94 50 86 83  7 48 70 96  1 17 89 68 83 92 80  7 57 68 56 56 51 56 61 91  8 88 78 72 60 89 95 37 98 87 39 12 22 82 51 71 97 39 26  8 37 83 16 67  8 72 15 95 77 44 90 15 14 52 68 50  0 99 94 45 62 55 37 73 51 44 97 51 21 28 
16  7 29 68 41 86 92 66 83  8  6 47 54 12 15 49 60 44 40 24 92 57 55 22 85 24 97 34 99 37 19 13  8 17 77 26 65 70 81 89 57  2 26 13 44 54 54 34 36 28 55 92 46 19 47 48 16 49 41 61 17 53 97 84 78 36 15 42 13 68 49 30 75 51 17 17 87 29  8 57 70 68  1 94 98 86 99  0 83 82 60  8 51 93 98 57 23 40 18 91 
27 85  7 75 58 82 44 84  1 24  6 38 66 96 72 52 65 85 81 45 61 27 69 66 56 32 67 56 37 51 31 70 39 13 49 33 61 61 58 81 85  0 58 31  6 69  8 96 99 17 79 80 47 72 54 91  5  0 26 29 91 83 28 30  4 21  5 14 89  6 48 78 17  8 23  4 11 48  2 46 20 16 55 98 25 49 94 83  0 78 77 97 84 64 58  1 60 27 70 64 
54 76 70  3 14 39 71 36 18 95 24 32 64 30 50 54 27  0 30 68 75 84 68 81 81 84 11 55  1 45 79  6 90 35 13 65 74 69 16 86 63 40 53 50 65 38 45 20 32 55 64 81 57 22 36 55 71  0 41 80 72 33 76 14 65 87 68 57 36 26 81  6  9 62 15 71 15 51 27 62 84 46 91 20 26 27 45 82 78  0 35 41 31 48 85 89 83 29 45 29 
96 18 33 61 97 65 55 82 52 39 30 11 34 55 41 57 12 10 86 75 80 68  5 75 20 71 67 94 75  8 74 78 65 83 90 12 76  2 64 71 72 51 65  7 73  3 81  2 47 93 80 40 20 64  3 95  1  6 65 77 75  7  2 47 61 65 59 45 89 32 18 14 78 84 32 94 13 93 68 85 53 90 94 14 88  5 62 60 77 35  0 75 78 96 47 15 33 79 80 30 
17 92 78 80 47 27 54 80 28 85 77 10 36 77 27 25 96 45 38 14 73 29 35 18 75  7  9 98 46 56 34 99 27 43 53  6  3 86 49 22 41 64 78  3 87 92 85 51 66 91 47 26 25 24 84 39  9 95 63  1 86  3 60 39 80 95 11 48 17 40 49 32 23 94 57 88 71 92 16 13 18 47 69 54 37  7 55  8 97 41 75  0 72 35 56 63 33 74 95 11 
15 49 65 46 15 86 51 91 62 77 39  2 93 98 37 38 50 29  8 74 49 88 73 38 30 86 31 77 65 38 64 71 60 18 70 70 50 12 78 26 35 18 51 49 54 80 57 53 82 38 64 41 58 22 28 96  5 56 17 74 97 92 16 48 22 19 99 59 77 45 43 22 86 89 86 75 50 94 93 52  4 39 13  4 18 99 37 51 84 31 78 72  0 52 20 55 69 95 75 28 
26 12 56 16 31 18 73  7 54 94 80 71 44  5 88 30 81 97 44 34 45 66 77 28 90 15  1 90 24 77 53 83  0 86 58 36 59 83 98 47 38 89 96 65 93 38 86 76 56 35 27 70 58 32 42 49 96 14 74 62 71 47 93 26 25 16 71 37 15 68 36 16 32 77 59 88 11  7 61 19 34 79 70 87  2 58 73 93 64 48 96 35 52  0 23 32 12 10 41 57 
17 89 89 63 61 36 89 26 56 10 74 33 44 34 57 51 20 57 77 87 40 77 30 17 22  9 30 68 89 41 44 88 52  7 97 89 94 85  5 15 34 26 95 17  8  9 19 71  2 60 26 32  4 49 63 94 13 57 17  5 97  9 58 53 90 40 50 84 80  8 41 55 35 51 82 25 28 34 27  1  4 63 14 45 48 90 51 98 58 85 47 56 20 23  0 83 15 22 54 94 
57 40  2  7 81 41 54 51 46  0 97 64 76 65 86 18 12 39 34 96 38 88 46 23 33 92 17 39 70 90 51 54 74 54 73 95 96 30 60 28 73 62 72 76 79 36 65 50 10 23 27 87 64 13 81 51 35  6 33 66 74 97 17 36  7 57 60 92 66 10 32 22 20 40 66 66 63 42 33 25 66 96 36 94 63 94 44 57  1 89 15 63 55 32 83  0 87 20 82  6 
49 20 25 96 48  8 60 74 78 28 36 34 73 41  0 60 68 50 67 88  5 51 15 95 48 48 66 40 77 39 36 17 56 65 35 96 58 11 97 68 70 72 95 69 55 83 70 92  6  3 83 64 86 70 12 53 89 44 22 36 94 41 10 53 99 88 96 86 62 46 26 89 24 12 75 48 97 76 13 42 14  3 24 41 41 66 97 23 60 83 33 33 69 12 15 87  0 43 44  3 
28 80 88 78 13 96 84 77 17 71 78 23 34 12 88 48 44 45 54 92 78 84 95 51 15 66 81 82  7 58 45 30 22 70 41 10 83  9 36 22 10 77 33 16 34 70 65  6 44 10 52 17 13 94 57 62 39 22 17 10 55 67 96  4  2  5 45 57 54 13 17 56 62 84 62 38 55 36 74 24 39 62 29 12 96 34 51 40 27 29 79 74 95 10 22 20 43  0 45 57 
15 58 68 87 46  0 42 45 72 23 20 14 58 50 38 53 71 88 62 27 34 50 78 63 37 88 69 64 40 15  5 12 72 68 88  1 18 12  5 94 57 81 97 42 73  0 74 42 27 71  6 29 95 74 67 85 41 51 48 53 93 93 17 93 37 26 96 98 94 87  6 97 18 99 43 11 70 17 86 39 43 96 73 37 65 97 21 18 70 45 80 95 75 41 54 82 44 45  0  7 
60 10  3 43 14 18  2 38 24 40 95 13 93 82 44 10 40 68 33 31 60 88  2 16 44 89 45 60 83 29  3  2  0 14 87 54 64 49 89 36  3 26  5 20 43 70 43 67 51 61 42  7  7 13 22 22 52 29 81 32 38 58 33  8 31 47  8 49 91 74 83 86 96 80 91 86 42 63 55 63 30 66 52 49 86 50 28 91 64 29 30 11 28 57 94  6  3 57  7  0 
0