Processor 1:	0	0	3	86	20	27	67	31	16	37	42	8	47	7	84	5	29	91	36	77	32	69	84	71	30	16	32	46	24	82	27	48	14	87	28	77	97	49	88	82	2	14	14	50	2	59	0	77	65	77	70	55	20	68	59	95	64	99	24	67	29	8	77	49	88	50	57	95	68	33	0	70	98	77	74	19	14	91	78	58	86	68	28	9	62	28	87	16	27	54	96	17	15	26	17	57	49	28	15	60	
Processor 1:	0	93	23	44	80	6	32	34	48	81	42	22	14	9	6	43	68	3	80	11	17	39	94	16	70	56	33	67	91	43	13	27	85	35	68	86	75	11	78	50	80	67	6	57	8	83	20	50	21	39	23	47	42	29	14	14	95	87	54	14	19	17	9	98	85	89	98	54	0	62	62	22	0	21	36	74	46	54	87	79	71	4	53	10	67	66	0	90	88	27	65	54	15	48	77	83	8	58	53	37	
Processor 1:	0	0	73	74	8	7	5	10	79	80	38	61	43	74	49	34	81	81	14	9	6	6	19	67	22	57	25	36	83	31	31	65	69	90	31	47	29	76	74	55	72	41	54	59	88	66	11	47	40	11	5	54	67	8	92	83	68	92	27	70	73	49	66	15	23	94	36	12	98	30	5	10	86	55	69	10	66	1	30	90	53	32	44	90	34	35	48	7	85	76	18	92	49	12	89	40	20	80	58	10	
Processor 1:	93	0	43	98	19	3	8	30	5	22	9	15	15	58	1	9	61	43	51	37	21	88	6	47	65	65	5	52	39	76	74	11	27	86	84	2	7	79	69	0	88	57	19	56	89	0	12	36	89	48	45	73	76	86	70	40	52	31	53	42	94	57	10	90	62	5	92	5	13	67	10	60	59	44	34	62	70	1	15	35	33	87	85	52	89	93	64	18	29	47	63	24	15	87	64	6	54	58	25	82	
Processor 1:	3	73	0	62	92	54	32	44	22	18	69	99	62	69	54	9	74	14	23	88	71	43	98	15	3	18	0	37	39	36	8	45	50	46	67	81	56	25	37	58	87	60	25	69	55	87	36	36	62	78	45	20	69	83	75	90	18	77	26	29	70	45	96	18	1	22	89	32	86	76	96	27	39	83	2	24	5	50	42	0	15	70	31	39	54	26	15	29	7	70	33	78	65	56	89	2	25	88	68	3	
Processor 1:	23	43	0	50	19	23	56	95	55	53	12	98	37	37	29	38	77	99	97	12	51	38	16	98	13	79	2	55	10	93	42	50	69	28	53	56	18	64	59	76	69	14	83	85	70	19	10	3	93	4	76	22	35	5	85	63	38	82	74	41	55	71	49	49	15	38	83	98	80	54	55	80	75	94	45	24	44	17	40	75	70	3	1	22	54	42	1	30	40	95	33	78	29	84	50	99	35	79	84	68	
Processor 1:	86	74	62	0	15	15	41	41	14	0	52	76	57	23	86	6	48	7	36	66	20	80	52	41	3	99	16	4	5	10	80	95	11	21	76	98	49	3	59	80	92	51	66	99	76	71	89	99	73	78	1	36	31	7	78	26	85	91	4	89	92	48	68	37	42	74	69	34	62	50	96	10	99	2	61	35	51	64	81	63	95	49	48	99	23	19	43	68	75	3	61	80	46	16	63	7	96	78	87	43	
Processor 1:	44	98	50	0	56	77	53	90	69	7	64	82	83	99	51	57	98	92	32	44	48	91	56	6	42	76	68	46	27	33	38	3	24	64	12	85	26	81	84	88	53	9	1	3	98	48	47	0	27	53	73	45	90	56	65	1	77	26	62	4	23	35	75	14	35	98	68	94	7	78	96	60	39	94	13	10	81	62	0	8	63	60	72	8	87	8	63	25	85	82	96	86	77	17	96	37	79	71	0	67	
Processor 1:	20	8	92	15	0	0	22	57	88	5	47	93	86	85	72	98	21	15	66	82	18	1	81	56	46	43	14	79	87	9	59	79	21	47	40	50	70	78	31	3	60	29	5	46	21	8	65	85	34	30	47	91	72	41	8	80	25	3	34	88	86	43	25	42	36	65	42	63	75	81	45	53	61	30	24	40	72	65	17	96	3	32	89	46	51	87	67	41	58	14	97	47	15	31	61	81	48	13	46	14	
Processor 1:	80	19	19	56	0	46	46	59	92	47	95	52	97	6	51	55	37	72	73	25	44	78	80	4	90	14	22	43	2	28	23	4	27	24	64	0	3	24	24	63	72	2	83	66	41	31	42	25	94	76	43	72	90	36	69	65	10	20	64	74	39	2	11	73	93	98	48	4	28	53	18	19	89	40	69	96	91	96	73	95	37	56	9	96	9	65	37	39	0	67	61	54	62	4	51	47	94	83	82	97	
Processor 1:	27	7	54	15	0	0	33	66	82	85	15	17	74	27	34	24	3	90	68	8	66	1	61	58	77	19	89	81	64	48	78	74	19	37	90	52	87	72	29	59	10	34	35	42	57	91	67	73	99	35	9	40	27	92	23	38	8	52	51	53	22	19	41	96	50	57	37	37	78	91	68	57	52	92	22	2	97	49	97	20	82	9	43	6	99	38	70	86	82	39	65	27	86	18	36	41	8	96	0	18	
Processor 1:	6	3	23	77	46	0	92	81	95	57	34	4	4	82	75	24	97	18	77	49	0	30	92	2	9	44	76	25	9	44	11	25	30	42	41	23	14	6	75	86	88	28	99	43	77	55	96	22	83	21	74	51	34	48	54	18	76	15	58	75	42	99	2	37	46	42	96	18	80	5	81	80	95	4	80	15	16	46	35	77	12	97	44	18	18	72	39	17	91	9	64	3	32	71	30	95	14	2	73	24	
Processor 1:	67	5	32	41	22	33	0	10	6	63	27	80	11	69	40	48	52	10	93	32	95	27	79	85	42	50	28	72	33	42	43	97	36	58	70	48	17	32	41	48	35	46	6	18	99	55	45	89	82	59	41	29	84	57	28	64	88	25	62	4	47	82	86	22	97	66	70	26	90	23	47	35	80	60	2	41	22	49	51	25	55	60	33	57	76	70	16	92	44	71	55	54	51	73	89	54	60	84	42	2	
Processor 1:	32	8	56	53	46	92	0	8	12	41	8	76	76	71	88	88	77	48	63	79	14	49	59	47	69	17	34	72	3	17	4	91	6	65	37	61	49	39	59	12	92	14	47	56	57	70	34	99	67	68	32	93	5	7	45	5	50	84	38	1	Processor 6:	11	79	64	81	24	6	39	56	18	57	53	53	74	66	90	44	6	11	11	79	77	41	89	50	91	89	23	77	16	42	75	77	15	89	60	75	84	0	59	19	5	52	17	84	58	1	97	94	16	16	31	99	44	19	26	48	49	42	74	98	50	55	96	60	49	31	19	55	89	4	37	25	77	15	99	46	21	56	21	34	8	71	38	23	9	62	16	87	97	6	98	12	26	92	63	38	84	26	17	49	
Processor 6:	88	74	37	59	31	29	41	13	42	51	90	24	58	34	20	58	5	19	34	98	34	98	20	23	86	15	91	10	81	38	84	50	64	13	84	43	23	51	0	32	11	54	33	37	38	97	74	38	54	12	55	4	49	13	89	16	39	17	39	74	46	4	13	87	94	67	91	16	61	72	26	46	2	82	62	11	94	12	10	93	93	29	14	69	97	92	83	81	58	16	64	49	78	98	5	60	97	36	5	89	
Processor 6:	78	69	59	84	24	75	59	91	11	32	99	66	50	0	48	10	49	14	39	22	10	50	75	21	1	90	1	59	48	50	76	7	55	55	47	2	86	59	0	27	67	43	63	69	89	72	46	67	80	66	72	37	34	27	84	84	86	52	39	41	96	10	40	34	88	25	77	40	0	73	49	83	93	19	29	97	35	80	89	54	53	76	5	25	14	87	7	33	91	63	41	1	9	29	66	28	98	89	91	24	
Processor 6:	82	55	58	80	3	59	48	33	3	96	43	24	81	89	43	62	46	66	36	24	54	77	74	20	22	80	74	78	61	81	94	81	61	65	38	76	47	6	32	0	42	33	72	43	3	67	20	40	61	68	89	57	70	31	63	4	79	58	20	19	39	8	35	84	41	3	27	9	68	4	27	34	61	76	84	49	41	82	60	21	18	0	74	94	2	39	92	89	81	86	71	22	26	47	15	28	68	22	94	36	
Processor 6:	50	0	76	88	63	86	12	62	41	87	96	48	47	63	19	31	6	54	87	84	49	22	56	3	95	25	20	30	12	59	59	16	70	20	32	0	18	19	27	0	72	24	32	90	28	32	50	39	35	69	86	80	53	67	14	13	92	55	75	5	19	5	63	64	63	77	80	99	71	36	76	56	34	60	35	67	63	78	88	39	91	85	58	83	50	36	62	51	19	23	28	43	60	62	6	80	93	75	82	80	
Processor 6:	2	72	87	92	60	10	35	15	73	27	64	40	86	22	82	65	77	66	30	67	81	32	53	31	55	14	75	88	27	33	60	95	62	0	54	61	42	17	11	42	0	14	50	30	57	36	22	56	69	25	15	4	6	3	33	78	97	39	36	8	5	99	93	1	57	47	2	37	82	50	50	65	73	77	15	7	65	90	32	76	84	50	67	45	95	11	80	57	85	63	72	41	35	38	34	73	70	10	57	3	
Processor 6:	80	88	69	53	72	88	92	16	77	44	18	57	21	83	34	34	8	12	59	78	1	24	82	4	75	37	89	53	14	62	98	71	99	94	64	8	65	5	67	72	0	49	23	13	71	46	23	53	25	34	77	37	2	25	75	32	36	11	54	94	8	15	32	65	74	49	44	7	62	56	48	78	39	74	87	64	18	40	6	38	63	25	78	22	1	79	90	44	57	98	70	40	63	71	77	41	18	65	86	33	
Processor 6:	14	41	60	51	29	34	46	41	10	40	27	72	18	98	24	7	47	97	85	85	33	90	49	85	71	70	72	35	54	54	47	42	5	51	53	36	16	26	54	33	14	0	97	37	70	42	77	30	3	74	68	56	4	28	52	89	52	46	42	94	44	11	4	87	58	41	65	7	1	42	80	6	8	87	79	35	54	76	32	80	85	65	75	73	78	93	7	2	0	40	51	64	18	89	26	62	72	77	81	26	
Processor 6:	67	57	14	9	2	28	14	93	60	10	64	73	98	60	23	11	77	57	34	53	8	21	40	4	24	23	56	56	85	78	66	18	13	37	49	25	97	52	43	24	49	0	89	32	21	82	87	79	38	72	59	15	52	1	68	63	55	5	70	16	80	36	98	69	7	10	13	50	3	72	82	33	51	85	3	17	20	16	73	95	65	67	71	46	59	8	18	20	8	76	8	19	99	61	53	77	68	98	64	83	
Processor 6:	14	54	25	66	5	35	6	49	59	67	57	44	95	37	95	80	6	10	24	28	72	23	17	40	44	26	28	59	80	65	90	36	56	40	76	40	11	89	33	72	50	97	0	29	61	85	11	67	33	83	10	65	61	48	65	93	35	99	91	31	44	59	29	54	32	79	90	81	82	49	66	53	40	70	22	88	77	59	82	59	55	15	83	52	38	62	57	26	58	53	65	78	51	96	95	72	95	33	97	5	
Processor 6:	6	19	83	1	83	99	47	51	80	30	94	76	30	22	57	40	56	45	50	91	7	1	17	16	45	84	6	13	90	42	5	74	47	76	95	87	40	17	63	32	23	89	0	6	28	62	23	28	98	9	29	75	11	83	48	33	60	46	72	74	87	78	13	66	62	79	92	0	76	54	70	30	83	41	72	35	40	45	52	33	37	79	8	15	4	45	57	82	42	88	7	96	19	4	8	83	20	9	57	40	
Processor 6:	50	59	69	99	46	42	18	10	61	46	72	20	7	52	23	41	65	97	32	22	96	70	21	12	7	71	47	78	60	1	73	32	34	10	71	47	3	89	37	43	30	37	29	0	28	98	14	6	39	22	30	91	32	53	60	23	36	34	36	55	90	38	62	45	31	54	58	77	80	82	7	25	73	72	71	48	10	26	51	0	5	28	91	87	66	94	68	13	31	50	7	3	49	65	17	76	69	16	42	20	
Processor 6:	57	56	85	3	66	43	56	73	21	58	25	53	4	47	33	8	52	45	57	5	7	67	93	78	55	44	7	80	6	75	70	54	25	83	7	59	50	84	69	90	13	32	6	0	49	72	91	48	23	81	89	91	95	4	79	9	2	46	12	71	42	25	39	30	92	16	33	76	47	41	11	38	40	90	60	75	55	17	78	53	62	34	78	24	37	4	13	24	25	9	20	78	76	26	6	71	67	63	4	16	
Processor 6:	2	88	55	76	21	57	99	38	89	6	21	23	64	3	43	35	15	7	97	64	9	92	30	57	23	44	10	78	48	61	71	47	3	5	27	7	38	21	38	3	57	70	61	28	0	91	57	53	97	82	9	53	5Processor 5:	27	31	8	80	59	78	43	46	9	92	2	75	4	21	63	31	70	76	52	14	81	24	54	30	88	27	76	81	33	87	0	94	84	55	90	67	76	48	84	94	60	47	90	73	71	38	18	17	61	63	4	99	63	86	35	55	37	30	21	18	14	29	64	16	7	76	79	50	49	56	63	24	82	0	39	3	13	88	99	28	5	4	29	1	60	9	7	19	31	79	74	34	64	53	44	51	36	45	5	3	
Processor 5:	13	74	42	38	23	11	4	48	71	68	48	34	83	6	89	45	85	16	21	34	24	73	23	63	77	41	16	19	57	63	0	80	64	15	93	6	22	75	76	59	98	66	5	70	72	25	19	9	49	86	61	58	95	58	69	16	70	10	83	17	93	21	23	50	72	44	55	24	75	76	77	98	19	37	76	78	18	4	26	61	1	56	56	50	6	10	89	7	95	75	32	85	58	37	74	76	99	62	21	63	
Processor 5:	48	65	45	95	79	74	97	50	71	91	67	76	43	42	80	18	99	67	54	22	4	78	19	65	52	40	23	98	21	73	94	0	74	53	6	65	53	51	50	81	95	42	36	32	47	28	8	71	92	6	17	85	15	1	2	77	43	1	37	70	21	54	12	78	3	27	39	98	57	59	96	9	17	47	58	2	43	45	81	49	53	72	27	7	52	46	48	13	70	6	78	99	71	83	88	54	17	30	12	2	
Processor 5:	27	11	50	3	4	25	91	51	24	97	20	6	4	18	57	2	88	48	25	25	55	11	53	8	24	83	84	65	44	98	80	0	22	81	71	47	53	77	7	16	71	18	74	54	41	74	51	6	62	36	39	66	71	11	38	45	83	70	68	19	37	65	58	90	88	47	28	2	67	54	9	80	0	36	99	6	46	64	40	35	7	4	57	23	23	85	19	12	33	76	82	4	98	50	40	13	90	7	3	73	
Processor 5:	14	69	50	11	21	19	36	73	96	57	50	77	50	63	46	96	46	72	90	66	50	53	84	73	31	8	65	31	48	16	84	74	0	85	18	44	67	65	64	61	62	5	56	34	3	66	68	21	42	13	6	55	85	47	9	76	13	53	0	67	37	34	78	94	60	38	64	59	11	7	71	14	90	3	48	99	27	88	17	3	48	76	11	59	13	57	70	8	39	90	65	27	60	0	52	74	56	22	72	0	
Processor 5:	85	27	69	24	27	30	6	55	55	86	24	48	80	10	67	19	1	57	65	30	3	16	32	63	3	45	63	77	1	44	64	22	0	97	82	52	55	15	55	70	99	13	47	25	91	85	62	64	18	46	13	47	90	18	42	26	19	15	16	48	76	44	72	32	84	47	30	63	14	73	98	89	79	58	48	19	61	33	34	62	7	8	64	53	74	91	77	43	19	39	62	72	64	59	28	37	73	95	17	28	
Processor 5:	87	90	46	21	47	37	58	93	21	64	31	68	76	6	48	37	74	62	40	61	80	81	0	20	68	2	44	79	23	1	55	53	85	0	74	93	57	54	13	65	0	51	40	10	5	99	84	26	29	90	91	68	60	24	57	65	24	93	80	99	96	61	76	54	55	20	64	57	26	90	10	78	78	14	91	54	85	51	13	59	68	78	92	29	66	41	96	17	13	35	83	43	18	86	7	54	65	70	68	14	
Processor 5:	35	86	28	64	24	42	65	93	98	80	11	39	71	55	16	86	49	15	96	61	4	45	77	7	58	96	86	49	78	3	15	81	97	0	20	78	14	89	55	20	94	37	76	83	18	40	61	45	59	27	44	54	20	10	20	45	92	8	1	41	38	20	90	87	15	88	26	75	78	39	3	57	12	8	3	62	91	65	62	63	68	14	74	51	35	34	2	24	9	62	48	89	42	66	3	41	46	45	72	60	
Processor 5:	28	31	67	76	40	90	70	27	80	38	29	67	1	28	42	88	24	64	39	79	71	57	44	46	73	5	87	81	30	22	90	6	18	74	0	97	1	15	84	38	54	53	76	71	27	97	76	75	43	67	73	88	49	39	44	60	67	81	80	92	99	38	56	94	95	47	64	2	36	8	86	27	84	26	65	44	10	0	87	36	3	39	15	40	6	19	1	77	49	13	90	53	70	58	97	73	35	41	88	87	
Processor 5:	68	84	53	12	64	41	37	11	84	41	31	32	38	95	53	91	69	45	26	35	79	74	71	42	66	54	38	52	21	89	93	71	82	20	0	94	39	60	47	32	64	49	95	7	90	10	40	17	21	23	73	12	57	12	90	17	46	8	1	55	45	91	43	84	57	89	69	91	21	29	89	84	47	62	98	94	50	15	23	79	9	41	56	70	55	59	78	24	82	22	66	71	7	49	52	56	41	96	87	24	
Processor 5:	77	47	81	98	50	52	48	16	42	12	56	66	11	98	84	1	4	1	42	91	58	32	0	17	62	81	23	1	63	75	67	65	44	93	97	0	14	24	43	76	61	36	40	47	7	88	10	77	72	11	53	52	43	22	2	68	88	44	86	3	90	59	23	70	25	64	52	13	25	50	71	11	89	38	57	88	44	29	69	61	57	62	69	64	58	84	17	26	33	65	12	6	70	36	89	95	96	10	1	54	
Processor 5:	86	2	56	85	0	23	61	86	77	43	50	60	74	19	13	69	81	97	23	38	83	16	10	49	0	86	41	3	22	39	6	47	52	78	94	0	51	75	2	0	8	25	87	59	63	5	30	82	98	67	82	52	33	15	41	37	97	69	71	59	86	83	95	37	71	2	43	75	28	29	25	16	3	63	70	85	29	18	49	3	67	29	76	28	33	19	54	67	29	67	98	64	0	18	71	58	78	3	10	53	
Processor 5:	97	29	56	49	70	87	17	13	70	8	21	27	85	75	71	8	62	82	17	49	54	47	54	70	46	6	29	29	97	54	76	53	67	57	1	14	0	28	23	47	42	16	11	3	38	66	92	98	92	61	48	26	34	23	93	76	34	82	94	47	90	43	82	56	95	75	46	68	0	55	32	1	71	37	61	97	34	42	48	38	12	85	99	71	33	78	89	65	61	74	76	3	50	59	94	96	58	83	18	64	
Processor 5:	75	7	18	26	3	14	49	86	17	51	3	58	6	8	44	60	34	76	93	69	52	70	52	81	23	72	40	46	74	87	22	53	55	14	39	51	0	84	86	18	65	97	40	50	29	32	10	39	72	51	44	12	95Processor 4:	94	6	16	56	80	92	59	56	94	29	80	71	45	53	55	72	8	99	84	52	0	65	0	54	93	75	22	86	4	5	23	53	32	77	71	10	52	89	75	56	82	40	17	93	85	79	37	77	15	40	54	59	27	26	42	45	41	30	62	6	26	98	31	37	54	75	97	38	23	96	22	60	68	0	8	53	95	83	22	95	18	34	86	94	76	0	65	96	57	73	44	42	71	11	87	44	29	34	29	82	
Processor 4:	71	67	15	41	56	58	85	98	34	41	32	53	58	95	10	24	38	14	10	66	25	18	28	0	3	52	46	1	88	24	30	65	73	20	46	17	70	40	23	20	31	85	40	12	57	10	86	92	80	47	73	46	45	47	39	30	56	15	5	39	56	31	88	16	50	87	77	10	98	86	15	66	46	74	63	8	46	10	32	53	4	87	96	60	60	66	34	22	66	81	75	18	38	28	17	23	95	51	63	16	
Processor 4:	16	47	98	6	4	2	47	76	93	87	61	5	21	74	94	73	94	64	51	16	19	57	54	0	38	38	23	54	16	33	63	8	63	7	42	49	81	50	21	3	4	4	16	78	80	19	32	55	28	33	7	96	59	8	19	50	23	81	2	2	35	18	62	1	90	89	70	31	56	80	4	51	22	31	48	97	38	61	74	19	58	0	65	6	93	76	55	13	23	94	94	9	29	11	70	87	46	16	33	22	
Processor 4:	30	22	3	3	46	77	42	79	62	89	39	85	75	69	86	51	36	84	98	7	20	55	24	3	0	94	80	91	43	47	88	52	31	68	73	62	46	75	86	22	55	71	44	7	23	58	17	76	67	59	79	22	39	67	45	51	13	35	45	53	97	66	12	21	97	92	71	12	3	32	71	74	72	73	85	68	34	16	77	70	39	76	11	24	21	35	39	85	56	81	20	75	30	90	22	33	48	15	37	44	
Processor 4:	70	65	13	42	90	9	69	8	7	74	24	0	55	99	66	57	75	79	84	96	75	66	93	38	0	38	41	13	66	62	77	24	3	58	66	0	23	91	1	95	75	24	45	55	7	6	49	38	14	97	44	32	37	72	29	19	95	69	79	59	43	75	37	15	83	62	81	22	69	28	78	88	94	93	48	74	33	58	17	85	2	32	24	79	37	77	20	71	7	37	65	87	37	33	9	97	61	67	26	37	
Processor 4:	16	57	18	99	43	19	50	38	43	56	9	6	39	27	9	55	52	89	47	20	10	7	54	52	94	0	53	19	6	66	27	40	8	2	5	81	6	66	15	80	14	70	26	71	44	5	76	75	53	99	93	63	81	93	54	71	70	34	31	90	96	11	16	32	47	60	38	53	36	19	2	94	45	22	14	58	10	43	80	42	12	38	89	88	42	53	9	24	32	84	71	7	86	15	9	92	48	66	88	89	
Processor 4:	56	65	79	76	14	44	17	5	59	90	60	8	94	6	66	69	87	81	37	75	31	66	75	38	38	0	75	38	21	91	41	83	45	96	54	86	72	89	90	25	37	23	84	44	30	92	9	72	97	73	70	29	94	56	3	84	0	24	70	65	75	11	85	23	20	38	98	19	90	17	40	59	44	58	91	24	55	43	39	52	98	26	26	76	92	85	13	21	78	43	0	19	35	12	84	90	88	53	58	4	
Processor 4:	32	25	0	16	14	89	28	2	57	1	29	20	85	33	88	83	27	16	84	87	35	55	67	46	80	53	0	91	26	34	76	23	65	44	87	23	29	52	91	74	75	72	28	47	10	36	73	50	13	9	38	59	80	54	43	73	14	60	3	82	34	71	14	31	5	78	55	13	88	54	13	34	65	50	0	27	6	84	47	14	61	84	61	35	4	75	94	97	67	11	67	9	31	1	30	17	66	81	69	45	
Processor 4:	33	5	2	68	22	76	34	18	16	85	53	29	47	21	43	42	0	91	89	37	94	1	22	23	41	75	0	47	39	49	16	84	63	86	38	41	40	23	1	20	89	56	6	7	86	34	82	11	39	23	81	49	15	85	3	88	23	88	9	23	36	56	70	70	98	9	78	85	60	77	85	41	36	71	74	42	67	48	63	27	39	13	5	14	1	22	28	84	66	10	22	97	96	36	93	95	6	15	7	36	
Processor 4:	46	36	37	4	79	81	72	2	30	88	79	47	34	68	51	63	93	6	35	67	97	98	27	1	91	19	91	0	39	22	81	98	31	79	81	1	29	27	10	78	88	35	59	78	78	72	35	9	60	49	13	62	53	36	80	93	95	18	42	25	99	71	53	87	68	70	5	80	11	67	58	62	75	3	27	85	91	23	38	13	97	35	29	19	81	17	50	34	56	55	94	98	77	90	68	39	40	82	64	60	
Processor 4:	67	52	55	46	43	25	72	98	46	31	48	82	32	97	84	56	81	56	29	58	66	52	86	54	13	38	47	0	37	7	19	65	77	49	52	3	46	77	59	30	53	56	13	80	7	21	76	71	30	9	54	50	15	6	50	26	15	74	58	96	61	6	61	22	51	32	34	98	46	80	58	2	74	54	98	49	27	96	3	65	98	31	32	67	95	20	3	6	33	68	33	16	81	59	15	69	33	25	36	35	
Processor 4:	24	83	39	5	87	64	33	60	69	58	53	75	59	13	83	18	48	24	36	48	36	84	29	88	43	6	26	39	0	31	33	21	48	23	30	63	97	27	81	61	27	54	80	60	48	40	10	61	80	36	61	57	47	80	47	48	0	83	29	8	30	12	80	60	83	53	60	76	92	63	76	41	81	75	48	11	6	1	9	67	34	42	6	66	95	8	86	99	37	1	75	46	65	24	89	70	77	7	40	83	
Processor 4:	91	39	10	27	2	9	3	37	11	27	87	7	32	97	40	91	88	97	32	65	99	43	4	16	66	21	39	37	0	0	57	44	1	78	21	22	74	16	48	12	14	85	90	6	31	49	72	8	59	52	94	5	0	6	38	30	91	28	97	91	26	48	46	97	59	22	87	19	60	83	71	47	89	39	61	46	29	94	95	17	79	47	64	19	5	99	3	1	97	75	82	54	82	39	24	91	88	47	95	93	
Processor 4:	82	31	36	10	9	48	42	78	41	39	54	19	27	21	36	54	79	60	82	20	60	51	95	24	47	66	34	22	31	0	87	73	16	1	22	75	54	42	38	81	33	54	65	1	61	66	4	59	26	9	25	71	34	42Processor 3:	5	34	9	6	98	24	48	78	59	89	97	37	55	41	47	0	47	39	53	89	95	13	43	24	51	55	83	63	18	54	31	18	96	37	88	1	8	62	58	62	65	7	80	41	35	76	64	0	77	77	63	65	82	38	58	2	1	64	35	95	63	63	87	1	19	71	68	11	65	75	79	29	11	14	70	59	28	87	76	57	69	17	33	78	52	46	41	49	52	54	57	25	38	30	51	18	60	48	53	10	
Processor 3:	43	9	38	57	55	24	88	33	38	0	23	78	72	22	25	0	67	87	64	73	94	61	72	73	57	69	42	56	91	47	45	2	19	86	91	69	60	44	10	31	34	11	40	8	87	44	57	52	32	18	41	99	77	33	80	91	63	80	33	42	56	70	28	97	62	63	42	4	44	61	1	97	86	39	10	71	9	47	69	92	41	92	62	57	8	89	21	24	82	39	91	63	7	70	53	90	99	56	88	2	
Processor 3:	29	81	74	48	21	3	52	5	8	69	71	93	5	47	61	47	0	56	4	68	84	51	34	38	36	52	27	93	48	79	70	99	46	74	24	4	62	73	5	46	77	47	6	65	15	39	10	41	16	57	52	34	14	95	56	18	71	88	40	30	84	43	58	67	36	77	45	2	64	66	64	19	74	99	81	67	14	58	12	98	98	98	14	32	28	86	33	60	65	27	12	96	50	81	20	12	68	44	71	40	
Processor 3:	68	61	77	98	37	97	77	91	51	52	98	84	67	68	18	67	0	79	95	80	16	85	8	94	75	87	0	81	88	81	85	88	1	49	69	81	34	6	49	6	8	77	56	52	69	66	79	84	76	11	10	59	94	47	31	48	41	16	13	29	48	86	0	17	51	79	15	51	19	24	85	50	81	72	89	12	14	43	70	19	1	5	75	61	76	82	98	13	4	60	46	4	72	33	63	78	89	0	69	33	
Processor 3:	91	81	14	7	15	90	10	9	44	12	69	54	32	26	52	39	56	0	3	66	41	15	43	14	84	89	16	6	24	60	76	67	72	62	64	1	82	39	19	66	66	97	10	97	7	83	12	18	56	65	56	39	10	90	11	18	83	59	97	51	31	34	21	13	97	69	87	48	84	47	37	9	65	32	4	75	85	95	92	2	40	68	25	86	10	25	8	44	85	0	10	45	29	97	57	39	50	45	88	68	
Processor 3:	3	43	99	92	72	18	48	88	94	94	55	43	6	73	29	87	79	0	21	19	2	81	99	64	79	81	91	56	97	12	16	48	57	15	45	97	76	11	14	54	12	57	45	45	30	32	62	32	74	34	16	69	30	37	94	1	90	60	58	77	53	16	27	47	26	58	24	92	9	46	34	3	75	95	45	93	83	74	80	19	77	70	22	48	76	40	12	98	37	14	61	21	57	19	0	27	53	34	74	63	
Processor 3:	36	14	23	36	66	68	93	35	3	41	55	26	93	29	27	53	4	3	0	85	98	24	69	10	98	47	84	35	36	82	52	54	90	40	39	42	17	65	34	36	30	85	24	32	97	60	8	82	24	83	37	93	26	87	67	42	86	33	77	50	65	7	86	15	14	55	65	73	85	14	38	22	62	27	4	64	51	55	41	29	89	18	61	83	85	34	31	40	81	30	86	38	8	44	77	34	67	54	62	33	
Processor 3:	80	51	97	32	73	77	63	80	56	31	8	91	9	47	20	64	95	21	0	16	7	41	84	51	84	37	89	29	32	19	21	25	65	96	26	23	93	11	39	87	59	34	50	57	37	67	37	12	96	98	4	95	65	29	41	6	47	75	93	3	66	17	21	67	51	32	66	31	85	66	82	56	75	1	71	24	25	25	43	77	6	33	0	19	74	2	91	61	65	3	11	66	68	77	21	53	66	65	29	36	
Processor 3:	77	9	88	66	82	8	32	88	69	43	33	42	30	41	47	89	68	66	85	0	68	90	13	66	7	20	87	67	48	20	14	22	66	61	79	91	49	75	98	24	67	85	28	22	64	24	58	7	26	45	62	17	27	26	24	33	68	21	55	94	46	87	65	75	27	12	66	18	13	20	12	52	19	21	4	38	2	25	18	21	9	63	28	83	41	62	44	24	45	68	75	14	74	34	87	96	88	92	27	31	
Processor 3:	11	37	12	44	25	49	79	62	20	98	73	58	37	68	40	73	80	19	16	0	85	65	52	16	96	75	37	58	65	33	34	25	30	61	35	38	69	79	22	84	78	53	91	5	65	67	45	35	59	69	71	53	46	8	47	86	15	58	46	85	75	15	17	33	46	98	85	77	70	96	89	97	81	46	29	36	16	17	35	67	84	56	40	69	4	14	34	40	83	42	40	58	5	61	21	80	36	1	25	40	
Processor 3:	32	6	71	20	18	66	95	20	13	43	67	27	63	45	60	95	84	41	98	68	0	92	83	25	20	10	35	97	36	60	81	4	50	80	71	58	54	10	34	54	81	33	72	96	9	31	97	31	79	14	52	99	59	22	79	96	65	8	4	70	80	48	74	24	61	52	56	81	15	56	85	43	85	22	23	50	75	86	58	6	8	11	69	54	95	59	22	92	61	75	80	73	49	45	40	38	5	78	34	60	
Processor 3:	17	21	51	48	44	0	14	81	95	21	89	58	27	50	84	94	16	2	7	85	0	80	0	19	75	31	94	66	99	12	24	55	3	4	79	83	52	77	10	49	1	8	7	7	55	38	21	94	47	94	68	23	7	83	53	11	42	38	95	89	61	78	45	89	0	90	26	42	44	67	41	0	46	56	21	83	83	91	12	6	17	18	33	42	33	47	31	33	75	74	40	27	16	70	5	41	17	19	30	51	
Processor 3:	69	6	43	80	1	1	27	94	19	78	55	72	99	51	87	13	51	15	24	90	92	0	19	18	55	7	55	98	84	51	24	78	53	81	57	32	47	97	98	77	32	90	23	70	92	37	35	2	65	69	27	60	47	91	79	57	87	50	50	41	0	96	78	19	71	79	87	76	14	64	89	74	27	72	3	47	44	75	45	38	89	96	57	43	62	2	75	57	27	84	68	29	88	66	77	88	51	84	50	88	
Processor 3:	39	88	38	91	78	30	49	50	21	77	72	9	31	4	11	61	85	81	41	65	80	0	65	57	66	66	1	52	43	44	73	11	16	45	74	16	70	41	50	22	24	21	1	67	4	58	84Processor 2:	34	30	95	90	59	81	8	0	54	54	62	56	52	62	33	33	91	88	80	62	81	50	56	76	8	5	18	98	37	3	48	51	55	93	11	86	86	56	91	62	16	93	51	73	87	86	98	99	71	9	67	21	19	60	33	34	43	35	34	47	94	81	56	56	22	78	9	20	46	49	6	81	69	98	8	17	4	21	14	5	10	43	0	36	46	76	40	19	0	99	49	56	35	98	54	77	77	40	72	68	
Processor 2:	16	79	22	14	88	82	6	94	0	16	89	47	14	92	62	59	8	44	3	69	13	19	9	34	62	43	57	30	69	41	9	71	96	21	80	42	70	98	42	3	73	10	59	61	89	60	77	31	62	87	27	26	7	37	1	32	88	17	7	87	37	15	25	47	91	42	15	12	63	30	39	57	85	83	16	74	76	69	16	35	29	92	41	21	24	3	86	83	1	18	52	28	62	54	56	46	78	17	72	24	
Processor 2:	48	5	55	69	92	95	12	54	0	31	47	38	29	91	93	38	51	94	56	20	95	21	94	93	7	59	16	46	11	65	71	24	55	98	84	77	17	18	11	41	77	60	80	21	17	30	52	2	24	93	9	91	79	39	70	67	77	49	72	1	4	97	76	75	64	68	94	89	42	66	21	66	31	47	55	73	71	3	2	23	74	81	25	34	30	17	78	48	24	0	13	40	6	23	93	75	90	73	11	90	
Processor 2:	37	80	18	0	5	85	63	3	16	0	16	88	89	9	25	89	69	12	41	43	43	78	88	41	89	56	1	88	58	39	92	91	57	64	38	12	8	99	51	96	27	40	67	46	6	8	75	14	87	21	55	15	61	63	95	97	26	1	26	19	98	95	81	14	52	28	60	50	31	32	77	8	68	89	4	39	90	48	41	79	9	67	86	28	12	90	81	8	24	95	39	85	77	94	10	0	28	71	23	40	
Processor 2:	81	22	53	7	47	57	41	54	31	0	81	60	7	4	54	0	52	94	31	98	21	77	29	87	74	90	85	31	27	75	68	97	86	80	41	43	51	57	32	87	44	10	30	58	2	21	11	24	33	69	51	74	39	0	7	80	52	31	46	74	31	90	67	15	11	21	42	23	28	10	75	31	27	14	47	40	44	89	3	19	32	62	0	59	37	86	13	80	84	63	78	62	0	47	16	26	90	45	62	4	
Processor 2:	42	38	69	52	47	15	27	73	89	16	0	10	67	3	66	97	71	69	55	33	67	55	36	32	39	9	29	79	53	54	2	67	50	31	29	56	21	52	90	43	64	27	57	72	21	49	65	32	59	53	43	13	51	78	70	22	43	96	75	80	41	0	93	54	46	46	54	82	9	5	63	17	0	70	88	81	5	14	85	2	93	0	10	98	28	95	0	6	6	24	30	77	39	80	74	97	36	78	20	95	
Processor 2:	42	9	12	64	95	34	8	62	47	81	0	58	83	95	68	23	98	55	8	73	89	72	80	61	24	60	53	48	87	42	48	20	24	11	31	50	3	53	99	96	18	64	94	25	80	57	9	20	94	40	82	27	10	99	96	11	85	27	25	57	11	78	92	36	85	39	35	97	28	53	96	83	87	27	73	62	64	14	10	34	62	53	2	49	48	3	54	45	61	12	15	98	27	94	65	35	50	19	51	58	
Processor 2:	8	61	99	76	93	17	80	90	47	88	10	0	36	92	27	37	93	54	26	42	27	72	87	53	85	6	20	47	75	19	75	76	77	68	67	66	27	33	24	24	40	72	44	20	23	65	26	50	75	81	73	97	90	75	16	44	16	17	93	6	11	89	81	89	23	8	66	86	81	72	3	75	52	28	3	74	40	2	33	70	99	56	36	29	93	51	98	47	38	32	11	10	2	71	33	64	34	23	14	13	
Processor 2:	22	15	98	82	52	4	76	56	38	60	58	0	96	29	75	78	84	43	91	58	58	9	71	5	0	8	29	82	7	43	34	6	48	39	32	60	58	53	66	48	57	73	76	53	91	35	91	88	23	19	68	49	39	73	38	2	34	85	46	71	0	16	13	13	28	47	57	82	88	6	39	31	75	86	26	2	3	63	91	94	0	75	95	27	44	28	4	20	27	26	53	63	47	60	61	61	62	89	41	55	
Processor 2:	47	43	62	57	86	74	11	25	14	89	67	36	0	70	89	55	5	32	93	30	63	99	6	58	75	39	85	34	59	27	4	43	50	76	1	11	85	59	58	81	86	18	95	7	64	63	52	7	84	15	69	16	80	58	8	40	5	89	75	90	47	83	16	43	53	20	25	87	43	38	68	7	4	4	8	49	93	19	5	67	94	2	8	11	8	23	66	54	66	64	34	36	93	44	44	76	73	34	58	93	
Processor 2:	14	15	37	83	97	4	76	52	29	7	83	96	0	58	93	72	67	6	9	37	27	31	45	21	55	94	47	32	32	67	83	4	80	71	38	74	6	74	50	47	21	98	30	4	19	65	44	0	66	86	56	68	52	82	50	19	4	68	82	10	58	62	37	21	29	94	93	49	48	18	2	32	41	63	52	38	70	65	77	3	63	83	5	95	3	71	89	20	55	67	43	31	49	38	78	82	43	55	24	43	
Processor 2:	7	74	69	23	85	27	69	64	92	9	3	92	70	0	89	41	47	26	29	41	45	51	93	95	69	27	33	68	13	21	21	42	63	6	28	98	75	14	34	89	22	98	37	52	3	39	12	15	67	86	39	0	94	32	97	43	41	62	11	55	41	12	80	9	9	34	23	45	8	70	48	94	60	51	89	77	18	95	96	51	26	67	73	71	43	19	79	12	96	30	55	77	98	5	34	65	41	12	50	82	
Processor 2:	9	58	37	99	6	82	71	62	91	4	95	29	58	0	42	22	68	73	47	68	50	4	53	74	99	6	21	97	97	17	6	18	10	55	95	19	8	66	0	63	83	60	22	47	32	39	40	37	43	24	40	10	33	34	64	62	7	80	31	63	40	52	90	55	0	49	88	34	67	58	61	62	19	73	93	94	79	38	96	21	58	31	97	63	22	31	51	59	87	38	6	47	2	38	85	20	86	22	76	7	
Processor 2:	84	49	54	86	72	34	40	93	62	25	66	27	89	89	0	47	61	52	27	47	60	87	84	10	86	9	88	51	83	36	63	80	46	48	42	84	71	2	20	43	82	24	95	23	43	70	3	8	51	2	55	46	29	1	17	39	98	11	32	79	67	78	6	47	16	6	38	28	84	44	9	41	63	74	80	42	28	39	4	59	99	11	75	24	64	49	57	38	75	20	83	37	51	45	8	56	38	77	41	90	39	58	15	29	
Processor 4:	43	76	93	33	28	44	17	3	65	75	42	43	67	17	74	47	81	12	19	33	12	44	5	33	62	91	49	7	0	0	63	98	44	3	89	39	87	42	50	59	62	78	42	75	3	88	37	83	5	67	25	48	77	1	17	27	9	96	76	79	3	19	91	87	39	17	39	1	70	5	81	78	82	34	99	77	50	96	54	39	85	14	37	50	44	27	46	77	55	77	86	23	82	39	3	35	14	71	90	69	
node  45:	0
node  46:	0
node  47:	0
node  48:	0
node  49:	0
node  50:	0
node  51:	0
node  52:	0
node  53:	0
node  54:	0
node  55:	0
node  56:	0
node  57:	0
node  58:	0
node  59:	0
Processor 7:	59	66	87	71	8	91	55	29	60	8	49	65	63	39	70	76	39	83	60	24	31	37	45	10	58	5	36	72	40	66	38	28	66	99	97	88	66	91	97	67	36	42	85	98	91	0	92	35	67	92	95	7	4	7	17	80	19	22	16	1	73	0	18	77	94	55	75	21	2	44	20	39	18	43	84	2	57	73	35	49	55	51	55	40	71	70	56	54	69	38	3	92	80	38	9	36	83	70	0	70	
Processor 7:	83	0	19	48	31	55	70	86	30	21	57	35	65	39	76	44	66	32	67	67	38	58	79	19	6	92	34	21	49	88	25	74	85	40	10	5	32	1	72	32	46	82	62	72	70	0	83	91	9	15	96	47	19	42	44	87	89	42	44	80	14	34	53	27	4	58	48	40	95	57	77	12	21	88	94	57	15	65	54	17	95	56	50	83	63	66	94	67	89	75	94	16	93	31	77	63	41	6	42	56	
Processor 7:	0	11	36	89	65	67	45	27	77	75	65	26	52	12	3	64	10	12	8	58	97	35	32	86	17	76	73	35	10	4	18	8	68	84	76	10	92	75	74	20	22	77	11	14	57	92	0	65	4	71	68	49	58	92	6	95	53	29	46	20	39	70	5	83	88	8	7	36	76	92	76	44	31	51	25	8	97	70	45	61	48	51	94	11	60	5	51	54	8	45	81	85	57	86	19	65	70	65	74	43	
Processor 7:	20	12	10	47	42	96	34	98	52	11	9	91	44	40	12	57	79	62	37	45	21	84	37	32	49	9	82	76	72	37	19	51	62	61	40	30	10	97	46	50	23	87	23	91	20	83	0	94	67	67	16	2	12	87	90	24	87	25	32	14	81	41	9	0	50	29	18	56	39	85	61	41	89	7	21	43	44	27	27	73	17	66	0	78	52	63	35	82	13	34	29	64	76	45	0	33	97	10	26	69	
Processor 7:	77	47	36	99	85	73	89	6	31	14	32	50	7	15	8	0	41	18	82	7	31	2	42	92	76	75	50	9	61	59	17	71	21	26	75	77	98	57	38	40	56	30	67	6	53	35	65	0	39	40	17	32	10	37	99	79	80	37	98	89	65	45	27	90	71	59	14	55	24	49	58	0	40	13	20	43	37	55	88	89	13	16	54	65	64	49	56	34	96	20	2	51	53	76	71	50	92	6	42	67	
Processor 7:	50	36	3	0	25	22	99	99	2	24	20	88	0	37	1	52	84	32	12	35	94	79	77	55	38	72	11	71	8	83	9	6	64	45	17	82	39	94	67	39	53	79	28	48	78	91	94	0	17	56	3	33	75	10	23	55	83	93	92	67	71	34	59	48	88	50	19	71	46	26	8	85	25	17	10	78	84	48	38	96	32	75	62	9	74	55	97	58	28	6	73	25	66	85	41	99	41	2	6	38	
Processor 7:	65	40	62	73	34	99	82	29	62	87	59	75	84	67	51	77	16	56	24	26	79	65	25	80	67	53	13	60	80	26	61	92	42	29	43	72	92	70	54	61	69	3	33	39	97	67	4	39	0	44	90	24	40	56	25	66	44	13	47	78	51	68	4	93	16	41	59	43	38	52	99	51	52	16	8	27	30	10	13	51	14	68	12	71	8	3	61	36	99	32	47	66	82	56	2	10	6	44	27	51	
Processor 7:	21	89	93	27	94	83	67	71	24	33	94	23	66	43	30	32	76	74	96	59	47	91	15	28	14	97	39	30	59	5	49	62	18	59	21	98	72	16	80	35	25	38	98	23	40	9	67	17	0	5	44	78	55	7	86	79	69	54	5	57	93	57	35	91	72	94	11	82	78	81	11	75	12	6	82	54	6	82	2	89	93	32	34	54	92	96	60	28	49	23	98	46	5	7	54	76	91	60	50	21	
Processor 7:	77	11	78	78	30	35	59	84	87	21	53	81	15	86	2	77	57	65	83	45	14	69	74	47	59	99	9	49	36	9	63	6	13	90	67	11	61	37	12	68	25	74	83	22	82	92	71	40	44	0	81	90	20	57	97	68	41	92	47	92	58	30	70	56	43	39	33	16	22	28	38	37	2	70	11	12	23	54	12	36	4	15	81	85	91	55	91	28	17	55	93	91	38	35	60	23	3	10	71	61	
Processor 7:	39	48	4	53	76	21	68	9	93	69	40	19	86	24	56	18	11	34	98	69	94	36	40	33	97	73	23	9	52	67	86	36	46	27	23	67	51	16	66	69	34	72	9	81	48	15	67	56	5	0	74	39	28	87	5	66	41	64	36	24	57	96	12	90	43	60	51	60	22	61	80	77	93	24	69	45	81	36	97	21	44	67	49	92	53	80	95	94	29	94	42	26	1	88	32	61	20	28	29	65	
node  90:	0
node  91:	0
node  92:	0
node  93:	0
node  94:	0
node  95:	0
node  96:	0
node  97:	0
node  98:	0
node  99:	0
	9	92	79	97	8	97	56	54	73	32	8	8	37	86	80	78	29	46	66	8	25	7	10	91	38	97	51	18	90	15	72	50	41	27	37	88	57	86	0	88	38	44	
Processor 2:	6	1	29	51	51	75	88	33	93	54	68	75	93	42	0	25	18	29	20	40	84	11	55	94	66	66	43	84	40	74	89	57	67	16	53	13	44	90	48	19	34	23	57	33	91	76	12	1	30	56	78	90	2	57	20	66	66	8	75	33	88	0	29	87	84	9	89	49	3	52	99	88	20	37	21	48	67	84	10	29	47	44	34	3	80	37	13	51	3	81	1	52	10	84	10	77	96	33	70	48	
node  15:	0
node  16:	0
node  17:	0
node  18:	0
node  19:	0
node  20:	0
node  21:	0
node  22:	0
node  23:	0
node  24:	0
node  25:	0
node  26:	0
node  27:	0
node  28:	0
node  29:	0
8	55	10	57	68	90	80	58	65	10	86	11	97	66	25	91	13	90	61	93	8	9	60	96	43	41	38	6	90	6	4	43	72	38	56	44	6	65	73	87	54	93	8	79	55	34	73	43	
Processor 6:	8	89	70	98	41	77	57	87	17	2	80	91	19	32	91	87	69	30	37	65	55	4	85	80	7	30	86	7	31	3	72	41	91	18	90	63	29	58	89	28	71	21	28	49	0	70	20	78	40	48	78	64	65	75	38	66	53	25	65	52	37	71	97	3	74	71	29	31	70	70	93	64	78	11	77	42	70	45	66	7	22	98	91	53	70	99	25	85	31	21	55	94	86	56	26	47	81	38	34	66	
node  75:	0
node  76:	0
node  77:	0
node  78:	0
node  79:	0
node  80:	0
node  81:	0
node  82:	0
node  83:	0
node  84:	0
node  85:	0
node  86:	0
node  87:	0
node  88:	0
node  89:	0
94	40	81	69	47	52	85	28	77	9	94	97	53	84	7	24	77	75	35	96	32	7	23	80	78	86	3	68	72	63	31	24	98	56	44	58	29	16	40	72	
Processor 1:	31	10	44	41	57	66	10	0	94	3	73	90	25	64	93	78	5	9	35	88	20	94	58	98	79	38	2	2	60	78	46	50	73	93	27	16	13	99	13	33	15	41	49	10	38	29	27	6	29	84	24	37	58	5	26	39	7	76	41	3	71	51	44	72	0	9	24	52	80	62	26	83	47	45	4	66	66	42	23	57	35	9	85	58	83	2	66	66	84	36	82	80	91	7	26	51	74	77	45	38	
node  0:	0
node  1:	0
node  2:	0
node  3:	0
node  4:	0
node  5:	0
node  6:	0
node  7:	0
node  8:	0
node  9:	0
node  10:	0
node  11:	0
node  12:	0
node  13:	0
node  14:	0
	79	91	36	13	80	57	44	10	16	57	95	47	78	21	16	85	80	75	22	2	2	93	75	69	41	36	85	1	2	57	4	14	27	54	18	49	64	17	47	52	92	99	5	12	74	90	68	3	12	99	65	90	1	
Processor 3:	84	19	98	52	81	61	79	58	9	88	36	87	6	93	84	43	34	43	69	13	83	19	0	28	24	54	67	27	29	95	54	19	84	0	44	0	54	16	20	74	53	49	17	21	30	45	32	42	25	74	36	82	35	86	55	72	81	42	91	55	61	30	35	75	43	34	80	40	39	15	27	4	40	9	61	17	14	57	16	36	16	35	84	7	33	25	13	55	69	68	5	35	73	77	30	46	15	95	78	2	
node  30:	0
node  31:	0
node  32:	0
node  33:	0
node  34:	0
node  35:	0
node  36:	0
node  37:	0
node  38:	0
node  39:	0
node  40:	0
node  41:	0
node  42:	0
node  43:	0
node  44:	0
	26	72	12	24	20	76	23	10	48	87	48	99	54	86	9	94	81	4	60	86	64	57	29	29	37	49	28	71	45	17	5	78	18	38	30	22	23	91	20	96	13	43	65	91	44	26	3	
Processor 5:	49	76	25	3	78	72	32	99	98	99	52	33	59	14	2	62	73	39	65	75	10	97	16	40	75	66	52	27	27	42	48	51	65	54	15	24	28	0	51	6	17	26	89	89	21	91	75	57	70	37	2	22	25	32	45	33	64	29	67	98	83	23	41	90	70	85	8	37	47	85	26	51	71	70	75	58	52	71	25	19	30	52	82	62	10	24	68	70	61	69	2	86	12	83	85	30	11	9	12	49	
node  60:	0
node  61:	0
node  62:	0
node  63:	0
node  64:	0
node  65:	0
node  66:	0
node  67:	0
node  68:	0
node  69:	0
node  70:	0
node  71:	0
node  72:	0
node  73:	0
node  74:	0
Begin to read the matrix!
The first integer of the file should be the size of the matrix!
Input the file name of the matrix:Input the start node:Finish reading the matrix,the nodenum is: 100;
