Processor 7:	27	31	8	80	59	78	43	46	9	92	2	75	4	21	63	31	70	76	52	14	81	24	54	30	88	27	76	81	33	87	0	94	84	55	90	67	76	48	84	94	60	47	90	73	71	38	18	17	61	63	4	99	63	86	35	55	37	30	21	18	14	29	64	16	7	76	79	50	49	56	63	24	82	0	39	3	13	88	99	28	5	4	29	1	60	9	7	19	31	79	74	34	64	53	44	51	36	45	5	3	
Processor 7:	13	74	42	38	23	11	4	48	71	68	48	34	83	6	89	45	85	16	21	34	24	73	23	63	77	41	16	19	57	63	0	80	64	15	93	6	22	75	76	59	98	66	5	70	72	25	19	9	49	86	61	58	95	58	69	16	70	10	83	17	93	21	23	50	72	44	55	24	75	76	77	98	19	37	76	78	18	4	26	61	1	56	56	50	6	10	89	7	95	75	32	85	58	37	74	76	99	62	21	63	
Processor 7:	46	11	99	34	46	60	18	6	96	90	11	50	95	98	20	14	71	14	45	26	15	23	80	92	63	43	23	14	48	75	0	42	41	88	69	67	1	56	41	12	2	73	36	37	68	86	5	54	19	17	47	99	38	21	7	15	66	80	25	35	29	40	26	22	18	52	16	9	89	87	35	42	60	16	72	13	96	88	49	52	35	56	23	6	89	10	67	14	12	34	29	74	34	91	83	54	94	10	11	85	
Processor 7:	48	65	45	95	79	74	97	50	71	91	67	76	43	42	80	18	99	67	54	22	4	78	19	65	52	40	23	98	21	73	94	0	74	53	6	65	53	51	50	81	95	42	36	32	47	28	8	71	92	6	17	85	15	1	2	77	43	1	37	70	21	54	12	78	3	27	39	98	57	59	96	9	17	47	58	2	43	45	81	49	53	72	27	7	52	46	48	13	70	6	78	99	71	83	88	54	17	30	12	2	
Processor 7:	27	11	50	3	4	25	91	51	24	97	20	6	4	18	57	2	88	48	25	25	55	11	53	8	24	83	84	65	44	98	80	0	22	81	71	47	53	77	7	16	71	18	74	54	41	74	51	6	62	36	39	66	71	11	38	45	83	70	68	19	37	65	58	90	88	47	28	2	67	54	9	80	0	36	99	6	46	64	40	35	7	4	57	23	23	85	19	12	33	76	82	4	98	50	40	13	90	7	3	73	
Processor 7:	94	39	59	25	63	87	81	0	14	8	57	7	65	59	74	27	58	80	48	13	59	87	66	49	25	24	83	3	70	89	42	0	22	15	87	53	56	29	60	58	94	49	40	36	11	59	40	30	99	38	38	76	7	83	54	38	84	46	49	99	61	54	7	1	18	70	40	92	21	3	43	11	39	93	77	29	54	0	62	30	40	3	11	90	73	74	24	93	85	71	45	93	93	93	29	15	53	72	82	36	
Processor 7:	14	69	50	11	21	19	36	73	96	57	50	77	50	63	46	96	46	72	90	66	50	53	84	73	31	8	65	31	48	16	84	74	0	85	18	44	67	65	64	61	62	5	56	34	3	66	68	21	42	13	6	55	85	47	9	76	13	53	0	67	37	34	78	94	60	38	64	59	11	7	71	14	90	3	48	99	27	88	17	Processor 1:	0	0	3	86	20	27	67	31	16	37	42	8	47	7	84	5	29	91	36	77	32	69	84	71	30	16	32	46	24	82	27	48	14	87	28	77	97	49	88	82	2	14	14	50	2	59	0	77	65	77	70	55	20	68	59	95	64	99	24	67	29	8	77	49	88	50	57	95	68	33	0	70	98	77	74	19	14	91	78	58	86	68	28	9	62	28	87	16	27	54	96	17	15	26	17	57	49	28	15	60	
Processor 1:	0	93	23	44	80	6	32	34	48	81	42	22	14	9	6	43	68	3	80	11	17	39	94	16	70	56	33	67	91	43	13	27	85	35	68	86	75	11	78	50	80	67	6	57	8	83	20	50	21	39	23	47	42	29	14	14	95	87	54	14	19	17	9	98	85	89	98	54	0	62	62	22	0	21	36	74	46	54	87	79	71	4	53	10	67	66	0	90	88	27	65	54	15	48	77	83	8	58	53	37	
Processor 1:	0	50	93	71	25	3	81	88	61	85	9	18	73	97	26	53	13	34	44	33	82	59	51	22	62	15	73	92	29	14	46	94	69	91	8	8	79	26	28	75	20	65	22	72	43	92	28	80	20	29	38	55	43	76	20	5	78	21	61	15	83	61	18	98	17	32	76	60	29	41	21	88	72	32	0	15	92	43	19	17	3	32	90	52	18	76	51	37	21	77	3	18	87	19	29	0	2	72	21	27	
Processor 1:	0	0	73	74	8	7	5	10	79	80	38	61	43	74	49	34	81	81	14	9	6	6	19	67	22	57	25	36	83	31	31	65	69	90	31	47	29	76	74	55	72	41	54	59	88	66	11	47	40	11	5	54	67	8	92	83	68	92	27	70	73	49	66	15	23	94	36	12	98	30	5	10	86	55	69	10	66	1	30	90	53	32	44	90	34	35	48	7	85	76	18	92	49	12	89	40	20	80	58	10	
Processor 1:	93	0	43	98	19	3	8	30	5	22	9	15	15	58	1	9	61	43	51	37	21	88	6	47	65	65	5	52	39	76	74	11	27	86	84	2	7	79	69	0	88	57	19	56	89	0	12	36	89	48	45	73	76	86	70	40	52	31	53	42	94	57	10	90	62	5	92	5	13	67	10	60	59	44	34	62	70	1	15	35	33	87	85	52	89	93	64	18	29	47	63	24	15	87	64	6	54	58	25	82	
Processor 1:	50	0	12	31	3	21	27	34	25	46	52	0	94	27	14	81	28	59	23	19	81	85	64	49	63	10	27	94	42	11	11	39	29	28	71	84	52	65	75	3	93	35	7	74	37	19	28	48	47	32	73	72	84	12	62	84	20	71	36	48	12	87	60	97	51	6	45	97	90	5	82	54	15	21	95	30	21	44	50	37	3	46	86	10	75	75	42	15	65	51	1	4	80	27	90	41	1	21	79	73	
Processor 1:	3	73	0	62	92	54	32	44	22	18	69	99	62	69	54	9	74	14	23	88	71	43	98	15	3	18	0	37	39	36	8	45	50	46	67	81	56	25	37	58	87	60	25	69	55	87	36	36	62	78	45	20	69	83	75	90	18	77	26	29	70	45	96	18	1	22	89	32	86	76	96	27	39	83	2	24	5	50	42	0	15	70	31	39	54	26	15	29	7	70	33	78	65	56	89	2	25	88	68	3	
Processor 1:	23	43	0	50	19	23	56	95	55	53	12	98	37	37	29	38	77	99	97	12	51	38	16	98	13	79	2	55	10	93	42	50	69	28	53	56	18	64	59	76	69	14	83	85	70	19	10	3	93	4	76	22	35	5	85	63	38	82	74	41	55	71	49	49	15	38	83	98	80	54	55	80	75	94	45	24	44	17	40	75	70	3	1	22	54	42	1	30	40	95	33	78	29	84	50	99	35	79	84	68	
Processor 1:	93	12	0	75	22	89	83	15	14	1	95	9	1	9	83	20	98	81	18	6	30	9	54	7	69	61	39	79	79	69	99	59	55	17	24	4	92	16	72	31	96	65	51	52	35	61	59	83	5	78	84	70	24	46	99	65	17	6	91	29	33	93	33	67	10	7	72	15	87	56	83	17	15	79	38	90	35	89	64	41	3	0	10	99	2	11	28	74	54	76	53	40	26	82	35	32	7	95	42	82	
Processor 1:	86	74	62	0	15	15	41	41	14	0	52	76	57	23	86	6	48	7	36	66	20	80	52	41	3	99	16	4	5	10	80	95	11	21	76	98	49	3	59	80	92	51	66	99	76	71	89	99	73	78	1	36	31	7	78	26	85	91	4	89	92	48	68	37	42	74	69	34	62	50	96	10	99	2	61	35	51	64	81	63	95	49	48	99	23	19	43	68	75	3	61	80	46	16	63	7	96	78	87	43	
Processor 1:	44	98	50	0	56	77	53	90	69	7	64	82	83	99	51	57	98	92	32	44	48	91	56	6	42	76	68	46	27	33	38	3	24	64	12	85	26	81	84	88	53	9	1	3	98	48	47	0	27	53	73	45	90	56	65	1	77	26	62	4	23	35	75	14	35	98	68	94	7	78	96	60	39	94	13	10	81	62	0	8	63	60	72	8	87	8	63	25	85	82	96	86	77	17	96	37	79	71	0	67	
Processor 1:	71	31	75	0	73	82	62	39	94	83	54	52	33	3	36	9	50	70	0	63	3	39	4	82	12	66	79	11	41	84	34	25	89	32	71	22	13	42	38	78	23	72	57	57	12	40	41	64	24	15	70	70	62	41	73	53	93	19	78	30	5	73	87	81	19	69	2	88	65	61	21	28	64	91	60	12	95	61	82	49	22	60	41	71	9	5	61	63	68	31	18	74	90	52	88	0	80	59	87	73	
Processor 1:	20	8	92	15	0	0	22	57	88	5	47	93	86	85	72	98	21	15	66	82	18	1	81	56	46	43	14	79	87	9	59	79	21	47	40	50	70	78	31	3	60	29	5	46	21	8	65	85	34	30	47	91	72	41	8	80	25	3	34	88	86	43	25	42	36	65	42	63	75	81	45	53	61	30	24	40	72	65	17	96	3	32	89	46	51	87	67	41	58	14	97	47	15	31	61	81	48	13	46	14	
Processor 1:	80	19	19	56	0	46	46	59	92	47	95	52	97	6	51	55	37	72	73	25	44	78	80	4	90	14	22	43	2	28	23	4	27	24	64	0	3	24	24	63	72	2	83	66	41	31	42	25	94	76	43	72	90	36	69	65	10	20	64Processor 2:	27	7	54	15	0	0	33	66	82	85	15	17	74	27	34	24	3	90	68	8	66	1	61	58	77	19	89	81	64	48	78	74	19	37	90	52	87	72	29	59	10	34	35	42	57	91	67	73	99	35	9	40	27	92	23	38	8	52	51	53	22	19	41	96	50	57	37	37	78	91	68	57	52	92	22	2	97	49	97	20	82	9	43	6	99	38	70	86	82	39	65	27	86	18	36	41	8	96	0	18	
Processor 2:	6	3	23	77	46	0	92	81	95	57	34	4	4	82	75	24	97	18	77	49	0	30	92	2	9	44	76	25	9	44	11	25	30	42	41	23	14	6	75	86	88	28	99	43	77	55	96	22	83	21	74	51	34	48	54	18	76	15	58	75	42	99	2	37	46	42	96	18	80	5	81	80	95	4	80	15	16	46	35	77	12	97	44	18	18	72	39	17	91	9	64	3	32	71	30	95	14	2	73	24	
Processor 2:	3	21	89	82	80	0	60	67	1	66	34	40	76	74	6	59	77	59	70	25	45	59	39	19	28	70	26	4	1	72	60	87	99	65	21	4	50	51	34	72	65	61	57	25	29	10	44	26	92	37	77	24	53	44	98	94	5	75	77	86	56	60	2	56	65	38	79	76	47	41	78	35	45	72	56	68	67	44	47	99	26	43	11	61	58	29	62	41	81	6	24	70	31	11	2	35	82	2	40	4	
Processor 2:	67	5	32	41	22	33	0	10	6	63	27	80	11	69	40	48	52	10	93	32	95	27	79	85	42	50	28	72	33	42	43	97	36	58	70	48	17	32	41	48	35	46	6	18	99	55	45	89	82	59	41	29	84	57	28	64	88	25	62	4	47	82	86	22	97	66	70	26	90	23	47	35	80	60	2	41	22	49	51	25	55	60	33	57	76	70	16	92	44	71	55	54	51	73	89	54	60	84	42	2	
Processor 2:	32	8	56	53	46	92	0	8	12	41	8	76	76	71	88	88	77	48	63	79	14	49	59	47	69	17	34	72	3	17	4	91	6	65	37	61	49	39	59	12	92	14	47	56	57	70	34	99	67	68	32	93	5	7	45	5	50	84	38	1	94	40	81	69	47	52	85	28	77	9	94	97	53	84	7	24	77	75	35	96	32	7	23	80	78	86	3	68	72	63	31	24	98	56	44	58	29	16	40	72	
Processor 2:	81	27	83	62	41	60	0	46	55	20	79	1	90	23	23	95	95	47	21	27	10	64	76	95	89	52	55	80	70	42	18	81	96	60	12	39	78	51	12	10	98	26	26	71	90	67	14	72	40	63	79	71	0	88	30	5	10	29	29	2	59	21	65	15	48	66	24	48	22	23	47	4	85	2	91	68	27	9	35	7	11	6	6	58	10	4	3	29	83	93	51	24	45	63	16	94	54	97	51	49	
Processor 2:	31	10	44	41	57	66	10	0	94	3	73	90	25	64	93	78	5	9	35	88	20	94	58	98	79	38	2	2	60	78	46	50	73	93	27	16	13	99	13	33	15	41	49	10	38	29	27	6	29	84	24	37	58	5	26	39	7	76	41	3	71	51	44	72	0	9	24	52	80	62	26	83	47	45	4	66	66	42	23	57	35	9	85	58	83	2	66	66	84	36	82	80	91	7	26	51	74	77	45	38	
Processor 2:	34	30	95	90	59	81	8	0	54	54	62	56	52	62	33	33	91	88	80	62	81	50	56	76	8	5	18	98	37	3	48	51	55	93	11	86	86	56	91	62	16	93	51	73	87	86	98	99	71	9	67	21	19	60	33	34	43	35	34	47	94	81	56	56	22	78	9	20	46	49	6	81	69	98	8	17	4	21	14	5	10	43	0	36	46	76	40	19	0	99	49	56	35	98	54	77	77	40	72	68	
Processor 2:	88	34	15	39	8	67	46	0	20	32	75	96	36	93	83	82	41	83	50	61	3	72	79	19	68	94	97	9	10	84	6	0	85	86	45	29	59	23	18	10	95	17	80	54	81	82	9	81	56	41	95	46	64	50	24	6	38	5	32	90	99	79	70	61	16	21	98	84	68	0	98	23	98	84	71	47	58	91	70	8	75	44	76	27	2	15	8	3	12	47	50	16	65	97	18	13	61	15	91	73	
Processor 2:	16	79	22	14	88	82	6	94	0	16	89	47	14	92	62	59	8	44	3	69	13	19	9	34	62	43	57	30	69	41	9	71	96	21	80	42	70	98	42	3	73	10	59	61	89	60	77	31	62	87	27	26	7	37	1	32	88	17	7	87	37	15	25	47	91	42	15	12	63	30	39	57	85	83	16	74	76	69	16	35	29	92	41	21	24	3	86	83	1	18	52	28	62	54	56	46	78	17	72	24	
Processor 2:	48	5	55	69	92	95	12	54	0	31	47	38	29	91	93	38	51	94	56	20	95	21	94	93	7	59	16	46	11	65	71	24	55	98	84	77	17	18	11	41	77	60	80	21	17	30	52	2	24	93	9	91	79	39	70	67	77	49	72	1	4	97	76	75	64	68	94	89	42	66	21	66	31	47	55	73	71	3	2	23	74	81	25	34	30	17	78	48	24	0	13	40	6	23	93	75	90	73	11	90	
Processor 2:	61	25	14	94	99	1	55	20	0	43	72	5	8	16	98	74	47	10	83	63	83	88	72	67	19	84	32	45	16	19	96	14	36	32	92	19	39	25	27	8	62	2	76	2	12	68	94	35	27	90	59	79	4	65	15	15	89	31	57	95	81	19	89	6	99	32	61	37	0	94	31	6	70	24	36	97	6	6	65	23	62	60	59	6	42	59	79	35	56	27	32	62	58	6	32	27	53	4	39	33	
Processor 2:	37	80	18	0	5	85	63	3	16	0	16	88	89	9	25	89	69	12	41	43	43	78	88	41	89	56	1	88	58	39	92	91	57	64	38	12	8	99	51	96	27	40	67	46	6	8	75	14	87	21	55	15	61	63	95	97	26	1	26	19	98	95	81	14	52	28	60	50	31	32	77	8	68	89	4	39	90	48	41	79	9	67	86	28	12	90	81	8	24	95	39	85	77	94	10	0	28	71	23	40	
Processor 2:	81	22	53	7	47	57	41	54	31	0	81	60	7	4	54	0	52	94	31	98	21	77	29	87	74	90	85	31	27	75	68	97	86	80	41	43	51	57	32	87	44	10	30	58	2	21	11	24	33	69	51	74	39	0	7	80	52	31	46	74	31	Processor 3:	42	38	69	52	47	15	27	73	89	16	0	10	67	3	66	97	71	69	55	33	67	55	36	32	39	9	29	79	53	54	2	67	50	31	29	56	21	52	90	43	64	27	57	72	21	49	65	32	59	53	43	13	51	78	70	22	43	96	75	80	41	0	93	54	46	46	54	82	9	5	63	17	0	70	88	81	5	14	85	2	93	0	10	98	28	95	0	6	6	24	30	77	39	80	74	97	36	78	20	95	
Processor 3:	42	9	12	64	95	34	8	62	47	81	0	58	83	95	68	23	98	55	8	73	89	72	80	61	24	60	53	48	87	42	48	20	24	11	31	50	3	53	99	96	18	64	94	25	80	57	9	20	94	40	82	27	10	99	96	11	85	27	25	57	11	78	92	36	85	39	35	97	28	53	96	83	87	27	73	62	64	14	10	34	62	53	2	49	48	3	54	45	61	12	15	98	27	94	65	35	50	19	51	58	
Processor 3:	9	52	95	54	36	34	79	75	72	32	0	39	3	0	63	50	14	67	67	28	90	54	2	20	72	83	92	76	96	94	11	57	97	23	83	56	32	73	30	24	89	45	23	86	77	59	74	86	24	79	70	88	96	30	18	31	44	55	81	11	38	76	6	40	20	31	69	5	22	11	4	20	1	31	85	58	99	87	71	88	40	94	41	77	95	15	73	10	6	14	55	44	36	93	17	6	78	4	33	6	
Processor 3:	8	61	99	76	93	17	80	90	47	88	10	0	36	92	27	37	93	54	26	42	27	72	87	53	85	6	20	47	75	19	75	76	77	68	67	66	27	33	24	24	40	72	44	20	23	65	26	50	75	81	73	97	90	75	16	44	16	17	93	6	11	89	81	89	23	8	66	86	81	72	3	75	52	28	3	74	40	2	33	70	99	56	36	29	93	51	98	47	38	32	11	10	2	71	33	64	34	23	14	13	
Processor 3:	22	15	98	82	52	4	76	56	38	60	58	0	96	29	75	78	84	43	91	58	58	9	71	5	0	8	29	82	7	43	34	6	48	39	32	60	58	53	66	48	57	73	76	53	91	35	91	88	23	19	68	49	39	73	38	2	34	85	46	71	0	16	13	13	28	47	57	82	88	6	39	31	75	86	26	2	3	63	91	94	0	75	95	27	44	28	4	20	27	26	53	63	47	60	61	61	62	89	41	55	
Processor 3:	18	0	9	52	34	40	1	96	5	38	39	0	59	41	26	99	10	55	81	41	93	42	41	25	93	6	47	68	37	88	50	7	84	17	94	18	2	30	59	70	25	51	8	61	51	43	84	25	39	63	33	87	4	87	77	5	12	88	37	46	39	79	89	56	47	50	14	43	65	75	56	82	11	59	12	90	77	48	19	56	55	28	98	12	97	83	82	76	17	90	45	12	92	71	87	83	9	26	61	91	
Processor 3:	47	43	62	57	86	74	11	25	14	89	67	36	0	70	89	55	5	32	93	30	63	99	6	58	75	39	85	34	59	27	4	43	50	76	1	11	85	59	58	81	86	18	95	7	64	63	52	7	84	15	69	16	80	58	8	40	5	89	75	90	47	83	16	43	53	20	25	87	43	38	68	7	4	4	8	49	93	19	5	67	94	2	8	11	8	23	66	54	66	64	34	36	93	44	44	76	73	34	58	93	
Processor 3:	14	15	37	83	97	4	76	52	29	7	83	96	0	58	93	72	67	6	9	37	27	31	45	21	55	94	47	32	32	67	83	4	80	71	38	74	6	74	50	47	21	98	30	4	19	65	44	0	66	86	56	68	52	82	50	19	4	68	82	10	58	62	37	21	29	94	93	49	48	18	2	32	41	63	52	38	70	65	77	3	63	83	5	95	3	71	89	20	55	67	43	31	49	38	78	82	43	55	24	43	
Processor 3:	73	94	1	33	15	76	90	36	8	14	3	59	0	75	16	37	35	81	90	43	25	86	39	35	36	70	51	63	95	57	95	65	22	28	37	85	80	54	98	0	3	32	82	15	99	2	44	42	59	75	81	83	12	98	50	89	0	42	59	50	80	90	90	44	70	55	31	56	79	54	43	41	19	19	83	89	67	39	51	16	24	29	50	96	12	2	67	0	70	74	5	13	75	23	34	43	83	9	51	38	
Processor 3:	7	74	69	23	85	27	69	64	92	9	3	92	70	0	89	41	47	26	29	41	45	51	93	95	69	27	33	68	13	21	21	42	63	6	28	98	75	14	34	89	22	98	37	52	3	39	12	15	67	86	39	0	94	32	97	43	41	62	11	55	41	12	80	9	9	34	23	45	8	70	48	94	60	51	89	77	18	95	96	51	26	67	73	71	43	19	79	12	96	30	55	77	98	5	34	65	41	12	50	82	
Processor 3:	9	58	37	99	6	82	71	62	91	4	95	29	58	0	42	22	68	73	47	68	50	4	53	74	99	6	21	97	97	17	6	18	10	55	95	19	8	66	0	63	83	60	22	47	32	39	40	37	43	24	40	10	33	34	64	62	7	80	31	63	40	52	90	55	0	49	88	34	67	58	61	62	19	73	93	94	79	38	96	21	58	31	97	63	22	31	51	59	87	38	6	47	2	38	85	20	86	22	76	7	
Processor 3:	97	27	9	3	53	74	23	93	16	11	0	41	75	0	51	92	45	81	24	23	21	29	60	94	28	15	39	74	88	30	98	59	29	41	59	14	69	39	52	0	97	97	64	92	51	97	53	40	91	48	0	39	15	11	6	1	73	0	51	36	62	15	61	98	22	47	68	57	57	47	45	90	50	47	56	3	65	77	55	36	21	30	18	9	9	49	0	11	81	42	47	36	20	63	2	20	90	7	87	42	
Processor 3:	84	49	54	86	72	34	40	93	62	25	66	27	89	89	0	47	61	52	27	47	60	87	84	10	86	9	88	51	83	36	63	80	46	48	42	84	71	2	20	43	82	24	95	23	43	70	3	8	51	2	55	46	29	1	17	39	98	11	9	92	79	97	8	97	56	54	73	32	8	8	37	86	80	78	29	46	66	8	25	7	10	91	38	97	51	18	90	15	72	50	41	27	37	88	57	86	0	88	38	44	
Processor 3:	6	1	29	51	51	75	88	33	93	54	68	75	93	42	0	25	18	29	20	40	84	11	55	94	66	66	43	84	40	74	89	57	67	16	53	13	44	90	48	19	34	23	57	33	91	76	12	1	30	56	78	90	2	57	20	66	66	8	7Processor 4:	5	34	9	6	98	24	48	78	59	89	97	37	55	41	47	0	47	39	53	89	95	13	43	24	51	55	83	63	18	54	31	18	96	37	88	1	8	62	58	62	65	7	80	41	35	76	64	0	77	77	63	65	82	38	58	2	1	64	35	95	63	63	87	1	19	71	68	11	65	75	79	29	11	14	70	59	28	87	76	57	69	17	33	78	52	46	41	49	52	54	57	25	38	30	51	18	60	48	53	10	
Processor 4:	43	9	38	57	55	24	88	33	38	0	23	78	72	22	25	0	67	87	64	73	94	61	72	73	57	69	42	56	91	47	45	2	19	86	91	69	60	44	10	31	34	11	40	8	87	44	57	52	32	18	41	99	77	33	80	91	63	80	33	42	56	70	28	97	62	63	42	4	44	61	1	97	86	39	10	71	9	47	69	92	41	92	62	57	8	89	21	24	82	39	91	63	7	70	53	90	99	56	88	2	
Processor 4:	53	81	20	9	91	59	95	82	74	43	50	99	37	92	2	0	18	93	12	86	66	32	46	11	87	45	15	10	46	50	14	27	88	46	44	64	50	70	82	84	60	36	43	7	13	39	28	26	38	75	87	56	58	93	13	9	27	90	63	45	9	10	74	43	1	93	16	98	39	25	92	37	37	40	89	1	38	1	41	51	81	60	38	82	20	57	21	57	41	33	27	1	62	46	73	6	19	25	10	45	
Processor 4:	29	81	74	48	21	3	52	5	8	69	71	93	5	47	61	47	0	56	4	68	84	51	34	38	36	52	27	93	48	79	70	99	46	74	24	4	62	73	5	46	77	47	6	65	15	39	10	41	16	57	52	34	14	95	56	18	71	88	40	30	84	43	58	67	36	77	45	2	64	66	64	19	74	99	81	67	14	58	12	98	98	98	14	32	28	86	33	60	65	27	12	96	50	81	20	12	68	44	71	40	
Processor 4:	68	61	77	98	37	97	77	91	51	52	98	84	67	68	18	67	0	79	95	80	16	85	8	94	75	87	0	81	88	81	85	88	1	49	69	81	34	6	49	6	8	77	56	52	69	66	79	84	76	11	10	59	94	47	31	48	41	16	13	29	48	86	0	17	51	79	15	51	19	24	85	50	81	72	89	12	14	43	70	19	1	5	75	61	76	82	98	13	4	60	46	4	72	33	63	78	89	0	69	33	
Processor 4:	13	28	98	50	70	77	95	41	47	63	14	10	35	45	90	18	0	69	98	70	96	63	81	90	21	73	12	94	50	63	71	58	69	64	11	93	5	68	98	19	71	54	45	20	97	38	58	94	70	66	60	49	61	29	52	3	97	58	14	81	32	10	67	36	97	82	55	21	55	1	0	95	72	67	54	42	0	60	46	28	20	39	93	32	86	84	38	33	88	68	11	17	5	52	48	56	26	49	4	68	
Processor 4:	91	81	14	7	15	90	10	9	44	12	69	54	32	26	52	39	56	0	3	66	41	15	43	14	84	89	16	6	24	60	76	67	72	62	64	1	82	39	19	66	66	97	10	97	7	83	12	18	56	65	56	39	10	90	11	18	83	59	97	51	31	34	21	13	97	69	87	48	84	47	37	9	65	32	4	75	85	95	92	2	40	68	25	86	10	25	8	44	85	0	10	45	29	97	57	39	50	45	88	68	
Processor 4:	3	43	99	92	72	18	48	88	94	94	55	43	6	73	29	87	79	0	21	19	2	81	99	64	79	81	91	56	97	12	16	48	57	15	45	97	76	11	14	54	12	57	45	45	30	32	62	32	74	34	16	69	30	37	94	1	90	60	58	77	53	16	27	47	26	58	24	92	9	46	34	3	75	95	45	93	83	74	80	19	77	70	22	48	76	40	12	98	37	14	61	21	57	19	0	27	53	34	74	63	
Processor 4:	34	59	81	70	62	59	47	83	10	41	67	55	81	81	56	93	69	0	58	95	41	57	51	16	85	91	99	98	82	69	14	80	94	93	73	35	10	29	76	8	73	36	79	31	52	97	88	24	88	69	21	60	13	51	79	49	15	35	80	71	1	69	50	65	75	74	79	47	29	85	72	19	34	94	67	94	57	33	94	48	51	25	0	64	96	70	56	46	85	65	31	4	74	75	2	50	61	91	10	41	
Processor 4:	36	14	23	36	66	68	93	35	3	41	55	26	93	29	27	53	4	3	0	85	98	24	69	10	98	47	84	35	36	82	52	54	90	40	39	42	17	65	34	36	30	85	24	32	97	60	8	82	24	83	37	93	26	87	67	42	86	33	77	50	65	7	86	15	14	55	65	73	85	14	38	22	62	27	4	64	51	55	41	29	89	18	61	83	85	34	31	40	81	30	86	38	8	44	77	34	67	54	62	33	
Processor 4:	80	51	97	32	73	77	63	80	56	31	8	91	9	47	20	64	95	21	0	16	7	41	84	51	84	37	89	29	32	19	21	25	65	96	26	23	93	11	39	87	59	34	50	57	37	67	37	12	96	98	4	95	65	29	41	6	47	75	93	3	66	17	21	67	51	32	66	31	85	66	82	56	75	1	71	24	25	25	43	77	6	33	0	19	74	2	91	61	65	3	11	66	68	77	21	53	66	65	29	36	
Processor 4:	44	23	18	0	35	70	21	50	83	91	67	81	90	24	79	12	98	58	0	48	41	13	71	92	64	82	98	79	36	33	45	48	13	1	35	62	51	5	20	98	91	43	34	12	31	21	76	92	26	25	0	4	83	63	70	7	44	40	5	73	69	67	22	53	75	86	57	69	77	80	19	25	44	5	2	64	73	33	66	20	35	34	60	26	41	11	54	6	48	58	87	34	95	37	68	49	27	64	71	64	
Processor 4:	77	9	88	66	82	8	32	88	69	43	33	42	30	41	47	89	68	66	85	0	68	90	13	66	7	20	87	67	48	20	14	22	66	61	79	91	49	75	98	24	67	85	28	22	64	24	58	7	26	45	62	17	27	26	24	33	68	21	55	94	46	87	65	75	27	12	66	18	13	20	12	52	19	21	4	38	2	25	18	21	9	63	28	83	41	62	44	24	45	68	75	14	74	34	87	96	88	92	27	31	
Processor 4:	11	37	12	44	25	49	79	62	20	98	73	58	37	68	40	73	80	19	16	0	85	65	52	16	96	75	37	58	65	33	34	25	30	61	35	38	69	79	22	84	78	53	91	5	Processor 5:	32	6	71	20	18	66	95	20	13	43	67	27	63	45	60	95	84	41	98	68	0	92	83	25	20	10	35	97	36	60	81	4	50	80	71	58	54	10	34	54	81	33	72	96	9	31	97	31	79	14	52	99	59	22	79	96	65	8	4	70	80	48	74	24	61	52	56	81	15	56	85	43	85	22	23	50	75	86	58	6	8	11	69	54	95	59	22	92	61	75	80	73	49	45	40	38	5	78	34	60	
Processor 5:	17	21	51	48	44	0	14	81	95	21	89	58	27	50	84	94	16	2	7	85	0	80	0	19	75	31	94	66	99	12	24	55	3	4	79	83	52	77	10	49	1	8	7	7	55	38	21	94	47	94	68	23	7	83	53	11	42	38	95	89	61	78	45	89	0	90	26	42	44	67	41	0	46	56	21	83	83	91	12	6	17	18	33	42	33	47	31	33	75	74	40	27	16	70	5	41	17	19	30	51	
Processor 5:	82	81	30	3	52	45	10	3	83	73	90	93	25	21	40	66	96	41	41	76	0	96	44	80	21	73	58	17	54	56	15	59	57	24	41	58	4	75	96	27	72	47	36	84	94	7	43	30	68	58	20	10	70	29	17	34	92	41	12	71	12	60	65	34	57	88	33	21	19	55	2	88	33	5	72	56	41	89	10	87	78	13	57	77	71	10	37	53	35	18	33	74	96	88	1	68	88	70	47	54	
Processor 5:	69	6	43	80	1	1	27	94	19	78	55	72	99	51	87	13	51	15	24	90	92	0	19	18	55	7	55	98	84	51	24	78	53	81	57	32	47	97	98	77	32	90	23	70	92	37	35	2	65	69	27	60	47	91	79	57	87	50	50	41	0	96	78	19	71	79	87	76	14	64	89	74	27	72	3	47	44	75	45	38	89	96	57	43	62	2	75	57	27	84	68	29	88	66	77	88	51	84	50	88	
Processor 5:	39	88	38	91	78	30	49	50	21	77	72	9	31	4	11	61	85	81	41	65	80	0	65	57	66	66	1	52	43	44	73	11	16	45	74	16	70	41	50	22	24	21	1	67	4	58	84	79	91	36	13	80	57	44	10	16	57	95	47	78	21	16	85	80	75	22	2	2	93	75	69	41	36	85	1	2	57	4	14	27	54	18	49	64	17	47	52	92	99	5	12	74	90	68	3	12	99	65	90	1	
Processor 5:	59	85	9	39	70	59	64	72	88	25	54	42	86	29	41	32	63	57	13	59	96	0	0	29	1	39	65	1	38	86	23	87	43	86	0	46	32	89	80	42	54	71	62	41	47	46	35	73	23	49	19	6	3	47	29	97	32	56	83	7	35	71	64	6	2	31	89	3	15	90	50	73	43	55	45	69	82	11	98	42	8	44	34	3	73	46	78	4	58	49	69	17	67	15	28	47	29	6	8	1	
Processor 5:	84	19	98	52	81	61	79	58	9	88	36	87	6	93	84	43	34	43	69	13	83	19	0	28	24	54	67	27	29	95	54	19	84	0	44	0	54	16	20	74	53	49	17	21	30	45	32	42	25	74	36	82	35	86	55	72	81	42	91	55	61	30	35	75	43	34	80	40	39	15	27	4	40	9	61	17	14	57	16	36	16	35	84	7	33	25	13	55	69	68	5	35	73	77	30	46	15	95	78	2	
Processor 5:	94	6	16	56	80	92	59	56	94	29	80	71	45	53	55	72	8	99	84	52	0	65	0	54	93	75	22	86	4	5	23	53	32	77	71	10	52	89	75	56	82	40	17	93	85	79	37	77	15	40	54	59	27	26	42	45	41	30	62	6	26	98	31	37	54	75	97	38	23	96	22	60	68	0	8	53	95	83	22	95	18	34	86	94	76	0	65	96	57	73	44	42	71	11	87	44	29	34	29	82	
Processor 5:	51	64	54	4	97	39	76	79	72	27	2	41	39	60	37	46	81	51	71	21	44	0	0	30	79	21	94	7	7	24	80	66	4	91	19	9	7	31	39	80	56	7	40	70	58	69	44	40	33	15	5	39	80	38	27	51	16	24	46	75	58	0	72	31	66	60	22	55	71	22	61	99	40	67	43	86	58	91	21	59	43	66	72	25	5	74	40	3	17	78	10	2	74	39	64	10	48	92	64	51	
Processor 5:	71	67	15	41	56	58	85	98	34	41	32	53	58	95	10	24	38	14	10	66	25	18	28	0	3	52	46	1	88	24	30	65	73	20	46	17	70	40	23	20	31	85	40	12	57	10	86	92	80	47	73	46	45	47	39	30	56	15	5	39	56	31	88	16	50	87	77	10	98	86	15	66	46	74	63	8	46	10	32	53	4	87	96	60	60	66	34	22	66	81	75	18	38	28	17	23	95	51	63	16	
Processor 5:	16	47	98	6	4	2	47	76	93	87	61	5	21	74	94	73	94	64	51	16	19	57	54	0	38	38	23	54	16	33	63	8	63	7	42	49	81	50	21	3	4	4	16	78	80	19	32	55	28	33	7	96	59	8	19	50	23	81	2	2	35	18	62	1	90	89	70	31	56	80	4	51	22	31	48	97	38	61	74	19	58	0	65	6	93	76	55	13	23	94	94	9	29	11	70	87	46	16	33	22	
Processor 5:	22	49	7	82	80	19	95	19	67	86	20	25	35	94	0	11	90	16	92	96	80	29	30	0	56	32	87	56	17	95	92	49	56	9	4	33	76	62	33	57	15	23	66	64	56	91	17	72	55	73	97	35	6	9	55	82	61	3	4	31	66	20	15	30	93	60	67	72	67	20	71	79	27	7	5	62	65	61	40	92	31	95	29	43	6	76	99	6	69	88	72	52	23	59	84	26	40	46	4	87	
Processor 5:	30	22	3	3	46	77	42	79	62	89	39	85	75	69	86	51	36	84	98	7	20	55	24	3	0	94	80	91	43	47	88	52	31	68	73	62	46	75	86	22	55	71	44	7	23	58	17	76	67	59	79	22	39	67	45	51	13	35	45	53	97	66	12	21	97	92	71	12	3	32	71	74	72	73	85	68	34	16	77	70	39	76	11	24	21	35	39	85	56	81	20	75	30	90	22	33	48	15	37	44	
Processor 5:	70	65	13	42	90	9	69	8	7	74	24	0	55	99	66	57	75	79	84	96	75	66	93	38	0	38	41	13	66	62	77	24	3	58	66	0	23	91	1	95	75	24	45	55	7	6	49	38	14	97	44	32	37	72	29	1Processor 6:	16	57	18	99	43	19	50	38	43	56	9	6	39	27	9	55	52	89	47	20	10	7	54	52	94	0	53	19	6	66	27	40	8	2	5	81	6	66	15	80	14	70	26	71	44	5	76	75	53	99	93	63	81	93	54	71	70	34	31	90	96	11	16	32	47	60	38	53	36	19	2	94	45	22	14	58	10	43	80	42	12	38	89	88	42	53	9	24	32	84	71	7	86	15	9	92	48	66	88	89	
Processor 6:	56	65	79	76	14	44	17	5	59	90	60	8	94	6	66	69	87	81	37	75	31	66	75	38	38	0	75	38	21	91	41	83	45	96	54	86	72	89	90	25	37	23	84	44	30	92	9	72	97	73	70	29	94	56	3	84	0	24	70	65	75	11	85	23	20	38	98	19	90	17	40	59	44	58	91	24	55	43	39	52	98	26	26	76	92	85	13	21	78	43	0	19	35	12	84	90	88	53	58	4	
Processor 6:	15	10	61	66	79	70	52	94	84	26	83	6	70	15	42	45	73	91	82	10	73	39	21	32	60	0	41	37	97	22	43	24	93	23	74	93	81	16	65	64	62	61	72	67	87	13	25	9	27	55	80	26	33	9	17	62	69	67	83	65	99	54	69	99	73	29	92	6	47	76	0	66	5	38	30	42	7	1	88	8	49	36	27	99	19	45	42	24	99	72	17	37	22	87	78	58	5	39	47	82	
Processor 6:	32	25	0	16	14	89	28	2	57	1	29	20	85	33	88	83	27	16	84	87	35	55	67	46	80	53	0	91	26	34	76	23	65	44	87	23	29	52	91	74	75	72	28	47	10	36	73	50	13	9	38	59	80	54	43	73	14	60	3	82	34	71	14	31	5	78	55	13	88	54	13	34	65	50	0	27	6	84	47	14	61	84	61	35	4	75	94	97	67	11	67	9	31	1	30	17	66	81	69	45	
Processor 6:	33	5	2	68	22	76	34	18	16	85	53	29	47	21	43	42	0	91	89	37	94	1	22	23	41	75	0	47	39	49	16	84	63	86	38	41	40	23	1	20	89	56	6	7	86	34	82	11	39	23	81	49	15	85	3	88	23	88	9	23	36	56	70	70	98	9	78	85	60	77	85	41	36	71	74	42	67	48	63	27	39	13	5	14	1	22	28	84	66	10	22	97	96	36	93	95	6	15	7	36	
Processor 6:	73	27	39	79	50	26	55	97	32	49	92	47	51	39	92	15	12	99	98	59	58	65	94	87	99	41	0	8	32	3	23	83	98	86	84	31	42	8	46	68	85	48	13	69	58	62	61	40	91	13	82	45	5	16	14	87	30	58	0	4	66	14	16	45	88	98	63	43	52	4	16	76	51	26	67	2	41	65	11	12	14	64	61	11	8	29	87	56	72	20	24	87	29	23	87	34	95	48	81	93	
Processor 6:	46	36	37	4	79	81	72	2	30	88	79	47	34	68	51	63	93	6	35	67	97	98	27	1	91	19	91	0	39	22	81	98	31	79	81	1	29	27	10	78	88	35	59	78	78	72	35	9	60	49	13	62	53	36	80	93	95	18	42	25	99	71	53	87	68	70	5	80	11	67	58	62	75	3	27	85	91	23	38	13	97	35	29	19	81	17	50	34	56	55	94	98	77	90	68	39	40	82	64	60	
Processor 6:	67	52	55	46	43	25	72	98	46	31	48	82	32	97	84	56	81	56	29	58	66	52	86	54	13	38	47	0	37	7	19	65	77	49	52	3	46	77	59	30	53	56	13	80	7	21	76	71	30	9	54	50	15	6	50	26	15	74	58	96	61	6	61	22	51	32	34	98	46	80	58	2	74	54	98	49	27	96	3	65	98	31	32	67	95	20	3	6	33	68	33	16	81	59	15	69	33	25	36	35	
Processor 6:	92	94	79	11	25	4	80	9	45	7	76	68	63	74	27	10	94	98	79	21	17	1	7	56	62	37	8	0	69	99	14	3	78	18	39	55	54	93	68	26	79	92	67	28	19	66	4	88	34	4	0	24	40	72	33	77	55	45	73	96	49	18	49	21	6	60	91	75	27	39	84	81	68	46	28	65	79	75	1	97	77	59	56	96	92	54	12	93	46	26	8	30	71	84	34	38	69	62	69	26	
Processor 6:	24	83	39	5	87	64	33	60	69	58	53	75	59	13	83	18	48	24	36	48	36	84	29	88	43	6	26	39	0	31	33	21	48	23	30	63	97	27	81	61	27	54	80	60	48	40	10	61	80	36	61	57	47	80	47	48	0	83	29	8	30	12	80	60	83	53	60	76	92	63	76	41	81	75	48	11	6	1	9	67	34	42	6	66	95	8	86	99	37	1	75	46	65	24	89	70	77	7	40	83	
Processor 6:	91	39	10	27	2	9	3	37	11	27	87	7	32	97	40	91	88	97	32	65	99	43	4	16	66	21	39	37	0	0	57	44	1	78	21	22	74	16	48	12	14	85	90	6	31	49	72	8	59	52	94	5	0	6	38	30	91	28	97	91	26	48	46	97	59	22	87	19	60	83	71	47	89	39	61	46	29	94	95	17	79	47	64	19	5	99	3	1	97	75	82	54	82	39	24	91	88	47	95	93	
Processor 6:	29	42	79	41	10	1	70	10	16	85	96	37	95	88	71	46	50	82	36	36	54	38	7	17	16	97	32	69	0	63	48	70	64	8	98	3	59	52	9	21	38	59	10	4	98	45	16	37	90	94	54	86	37	32	26	92	4	98	14	1	84	33	15	92	53	72	51	84	8	21	18	15	3	31	57	38	38	32	54	80	65	69	17	42	22	50	71	53	5	17	80	97	40	78	89	78	13	78	32	97	
Processor 6:	82	31	36	10	9	48	42	78	41	39	54	19	27	21	36	54	79	60	82	20	60	51	95	24	47	66	34	22	31	0	87	73	16	1	22	75	54	42	38	81	33	54	65	1	61	66	4	59	26	9	25	71	34	42	32	79	67	78	6	47	16	6	38	28	84	44	9	41	63	74	80	42	28	39	4	59	99	11	75	24	64	49	57	38	75	20	83	37	51	45	8	56	38	77	41	90	39	58	15	29	
Processor 6:	43	76	93	33	28	44	17	3	65	75	42	43	67	17	74	47	81	12	19	33	12	44	5	33	62	91	49	7	0	0	63	98	44	3	89	39	87	42	50	59	62	78	42	75	3	88	37	83	5	67	25	48	77	1	17	273	48	76	11	59	13	57	70	8	39	90	65	27	60	0	52	74	56	22	72	0	
Processor 7:	85	27	69	24	27	30	6	55	55	86	24	48	80	10	67	19	1	57	65	30	3	16	32	63	3	45	63	77	1	44	64	22	0	97	82	52	55	15	55	70	99	13	47	25	91	85	62	64	18	46	13	47	90	18	42	26	19	15	16	48	76	44	72	32	84	47	30	63	14	73	98	89	79	58	48	19	61	33	34	62	7	8	64	53	74	91	77	43	19	39	62	72	64	59	28	37	73	95	17	28	
Processor 7:	69	29	55	89	44	99	96	85	36	90	97	84	22	29	84	88	69	94	13	42	57	43	4	56	79	93	98	78	64	59	41	22	0	18	93	78	11	15	78	51	32	54	70	23	14	43	97	20	67	65	20	86	2	50	71	86	52	47	48	70	36	62	31	45	85	43	18	48	99	15	7	51	22	86	71	27	41	96	98	47	49	71	96	4	32	1	91	81	65	61	53	97	26	36	43	7	69	26	59	53	
Processor 7:	87	90	46	21	47	37	58	93	21	64	31	68	76	6	48	37	74	62	40	61	80	81	0	20	68	2	44	79	23	1	55	53	85	0	74	93	57	54	13	65	0	51	40	10	5	99	84	26	29	90	91	68	60	24	57	65	24	93	80	99	96	61	76	54	55	20	64	57	26	90	10	78	78	14	91	54	85	51	13	59	68	78	92	29	66	41	96	17	13	35	83	43	18	86	7	54	65	70	68	14	
node  90:	0
node  91:	0
node  92:	0
node  93:	0
node  94:	0
node  95:	0
node  96:	0
node  97:	0
node  98:	0
node  99:	0
	9	96	76	79	3	19	91	87	39	17	39	1	70	5	81	78	82	34	99	77	50	96	54	39	85	14	37	50	44	27	46	77	55	77	86	23	82	39	3	35	14	71	90	69	
Processor 6:	14	11	69	84	15	72	42	84	19	15	94	88	57	30	37	50	63	69	33	43	56	86	24	95	39	22	3	99	63	0	75	89	59	42	25	43	79	35	39	55	17	70	3	87	32	42	56	64	50	54	69	48	0	51	99	12	69	10	1	89	95	98	88	80	87	69	75	38	31	55	39	86	4	95	79	9	41	84	74	33	94	41	61	7	94	38	80	17	4	30	59	14	20	80	38	37	59	71	64	55	
node  75:	0
node  76:	0
node  77:	0
node  78:	0
node  79:	0
node  80:	0
node  81:	0
node  82:	0
node  83:	0
node  84:	0
node  85:	0
node  86:	0
node  87:	0
node  88:	0
node  89:	0
	74	39	2	11	73	93	98	48	4	28	53	18	19	89	40	69	96	91	96	73	95	37	56	9	96	9	65	37	39	0	67	61	54	62	4	51	47	94	83	82	97	
Processor 1:	25	3	22	73	0	80	41	8	99	49	36	34	15	53	56	91	70	62	35	44	52	70	97	80	4	79	50	25	10	15	46	63	44	75	55	83	10	7	58	73	14	80	57	10	50	1	42	35	97	84	69	16	40	66	56	24	79	38	76	83	91	43	10	67	41	28	13	58	69	90	68	79	8	29	53	75	93	1	59	14	64	45	95	3	0	11	2	67	9	29	59	32	64	82	26	94	81	83	92	87	
node  0:	0
node  1:	0
node  2:	0
node  3:	0
node  4:	0
node  5:	0
node  6:	0
node  7:	0
node  8:	0
node  9:	0
node  10:	0
node  11:	0
node  12:	0
node  13:	0
node  14:	0
65	67	45	35	59	69	71	53	46	8	47	86	15	58	46	85	75	15	17	33	46	98	85	77	70	96	89	97	81	46	29	36	16	17	35	67	84	56	40	69	4	14	34	40	83	42	40	58	5	61	21	80	36	1	25	40	
Processor 4:	33	19	6	63	44	25	27	61	63	13	28	41	43	23	65	86	70	95	48	0	76	59	21	96	74	10	59	21	36	43	26	13	42	0	19	33	91	74	93	78	13	53	24	97	68	60	55	37	54	97	78	87	22	45	38	10	54	53	63	11	47	31	46	52	43	34	29	30	54	95	89	77	96	46	3	33	39	29	39	31	11	1	35	61	34	72	14	27	74	30	80	99	31	53	95	34	3	2	3	14	
node  45:	0
node  46:	0
node  47:	0
node  48:	0
node  49:	0
node  50:	0
node  51:	0
node  52:	0
node  53:	0
node  54:	0
node  55:	0
node  56:	0
node  57:	0
node  58:	0
node  59:	0
5	33	88	0	29	87	84	9	89	49	3	52	99	88	20	37	21	48	67	84	10	29	47	44	34	3	80	37	13	51	3	81	1	52	10	84	10	77	96	33	70	48	
Processor 3:	26	14	83	36	56	6	23	83	98	67	63	26	16	51	0	2	90	56	79	65	40	41	37	0	9	42	92	27	71	37	20	74	84	97	96	49	16	53	91	81	72	38	96	22	70	96	52	64	53	48	74	16	34	37	83	41	5	13	89	51	73	6	3	8	95	18	49	79	11	33	14	45	19	99	67	65	42	63	18	29	55	48	3	78	92	6	25	49	59	80	79	88	97	63	37	35	91	50	82	70	
node  30:	0
node  31:	0
node  32:	0
node  33:	0
node  34:	0
node  35:	0
node  36:	0
node  37:	0
node  38:	0
node  39:	0
node  40:	0
node  41:	0
node  42:	0
node  43:	0
node  44:	0
90	67	15	11	21	42	23	28	10	75	31	27	14	47	40	44	89	3	19	32	62	0	59	37	86	13	80	84	63	78	62	0	47	16	26	90	45	62	4	
Processor 2:	85	46	1	83	49	66	20	32	43	0	32	38	14	11	67	43	63	41	91	13	73	25	27	86	61	26	49	7	85	15	90	8	90	97	36	4	89	2	52	95	98	62	48	11	78	21	73	52	61	32	93	8	41	48	2	47	83	16	50	29	65	12	14	73	53	96	28	73	93	73	49	61	51	74	38	47	40	1	60	3	19	13	64	40	58	23	64	24	83	51	48	26	68	51	0	76	31	97	75	5	
node  15:	0
node  16:	0
node  17:	0
node  18:	0
node  19:	0
node  20:	0
node  21:	0
node  22:	0
node  23:	0
node  24:	0
node  25:	0
node  26:	0
node  27:	0
node  28:	0
node  29:	0
9	95	69	79	59	43	75	37	15	83	62	81	22	69	28	78	88	94	93	48	74	33	58	17	85	2	32	24	79	37	77	20	71	7	37	65	87	37	33	9	97	61	67	26	37	
Processor 5:	62	63	69	12	4	28	89	68	19	61	72	93	36	28	9	87	21	85	64	74	21	1	79	56	0	60	99	62	16	39	63	25	79	33	73	99	97	66	64	40	71	20	95	96	58	48	56	19	1	80	18	15	60	3	32	30	91	6	96	79	65	36	41	64	46	9	4	59	51	58	3	31	58	30	7	41	51	45	88	44	10	91	90	72	84	22	48	81	98	67	47	89	2	83	5	32	47	98	19	30	
node  60:	0
node  61:	0
node  62:	0
node  63:	0
node  64:	0
node  65:	0
node  66:	0
node  67:	0
node  68:	0
node  69:	0
node  70:	0
node  71:	0
node  72:	0
node  73:	0
node  74:	0
Begin to read the matrix!
The first integer of the file should be the size of the matrix!
Input the file name of the matrix:Input the start node:Finish reading the matrix,the nodenum is: 100;
