Processor 1:	0	0	3	86	20	27	67	31	16	37	42	8	47	7	84	5	29	91	36	77	32	69	84	71	30	16	32	46	24	82	27	48	14	87	28	77	97	49	88	82	2	14	14	50	2	59	0	77	65	77	70	55	20	68	59	95	64	99	24	67	29	8	77	49	88	50	57	95	68	33	0	70	98	77	74	19	14	91	78	58	86	68	28	9	62	28	87	16	27	54	96	17	15	26	17	57	49	28	15	60	
Processor 1:	0	93	23	44	80	6	32	34	48	81	42	22	14	9	6	43	68	3	80	11	17	39	94	16	70	56	33	67	91	43	13	27	85	35	68	86	75	11	78	50	80	67	6	57	8	83	20	50	21	39	23	47	42	29	14	14	95	87	54	14	19	17	9	98	85	89	98	54	0	62	62	22	0	21	36	74	46	54	87	79	71	4	53	10	67	66	0	90	88	27	65	54	15	48	77	83	8	58	53	37	
Processor 1:	0	50	93	71	25	3	81	88	61	85	9	18	73	97	26	53	13	34	44	33	82	59	51	22	62	15	73	92	29	14	46	94	69	91	8	8	79	26	28	75	20	65	22	72	43	92	28	80	20	29	38	55	43	76	20	5	78	21	61	15	83	61	18	98	17	32	76	60	29	41	21	88	72	32	0	15	92	43	19	17	3	32	90	52	18	76	51	37	21	77	3	18	87	19	29	0	2	72	21	27	
Processor 1:	0	33	4	74	77	40	70	48	40	90	52	94	77	36	32	51	0	12	37	28	4	79	49	97	17	49	93	76	75	80	71	39	66	49	20	59	62	64	11	48	52	63	28	74	31	0	72	55	7	42	99	70	47	5	82	23	49	7	46	63	33	31	34	45	85	3	83	74	80	39	33	80	85	31	96	8	20	45	49	20	4	71	32	55	50	54	76	80	57	73	78	30	19	72	98	31	61	40	59	39	
Processor 1:	0	20	27	78	13	16	81	39	47	92	34	44	7	73	84	0	80	78	9	74	93	24	4	99	53	84	7	75	88	35	41	83	97	43	57	88	41	63	71	24	40	71	24	83	59	43	6	33	1	47	25	54	29	18	15	66	94	30	4	80	46	88	2	2	36	1	61	72	55	4	36	9	63	48	35	4	94	79	41	85	53	64	50	23	39	40	43	87	51	96	9	39	68	10	67	36	7	10	55	95	
Processor 1:	0	0	73	74	8	7	5	10	79	80	38	61	43	74	49	34	81	81	14	9	6	6	19	67	22	57	25	36	83	31	31	65	69	90	31	47	29	76	74	55	72	41	54	59	88	66	11	47	40	11	5	54	67	8	92	83	68	92	27	70	73	49	66	15	23	94	36	12	98	30	5	10	86	55	69	10	66	1	30	90	53	32	44	90	34	35	48	7	85	76	18	92	49	12	89	40	20	80	58	10	
Processor 1:	93	0	43	98	19	3	8	30	5	22	9	15	15	58	1	9	61	43	51	37	21	88	6	47	65	65	5	52	39	76	74	11	27	86	84	2	7	79	69	0	88	57	19	56	89	0	12	36	89	48	45	73	76	86	70	40	52	31	53	42	94	57	10	90	62	5	92	5	13	67	10	60	59	44	34	62	70	1	15	35	33	87	85	52	89	93	64	18	29	47	63	24	15	87	64	6	54	58	25	82	
Processor 1:	50	0	12	31	3	21	27	34	25	46	52	0	94	27	14	81	28	59	23	19	81	85	64	49	63	10	27	94	42	11	11	39	29	28	71	84	52	65	75	3	93	35	7	74	37	19	28	48	47	32	73	72	84	12	62	84	20	71	36	48	12	87	60	97	51	6	45	97	90	5	82	54	15	21	95	30	21	44	50	37	3	46	86	10	75	75	42	15	65	51	1	4	80	27	90	41	1	21	79	73	
Processor 1:	33	0	61	2	59	55	22	82	36	79	95	19	43	35	85	67	16	67	73	24	56	79	41	34	56	1	91	86	20	66	84	1	91	55	49	61	66	37	29	50	54	4	73	90	36	2	86	94	5	74	94	82	99	91	90	20	74	32	74	78	59	31	85	23	99	7	2	94	80	51	67	14	80	31	35	48	13	26	82	10	33	27	1	67	33	44	82	8	52	15	54	71	74	10	32	38	78	60	93	49	
Processor 1:	20	0	14	16	0	6	14	95	74	27	43	34	0	91	52	98	67	93	21	60	69	59	48	86	72	94	99	23	79	81	29	42	44	66	2	10	53	47	90	96	87	65	16	45	7	57	66	77	53	21	96	80	40	98	8	10	84	83	65	29	93	3	69	29	19	41	30	29	48	85	93	38	57	29	1	33	98	60	15	86	68	8	15	33	66	44	58	86	72	38	63	15	79	39	47	61	66	19	36	48	
Processor 1:	3	73	0	62	92	54	32	44	22	18	69	99	62	69	54	9	74	14	23	88	71	43	98	15	3	18	0	37	39	36	8	45	50	46	67	81	56	25	37	58	87	60	25	69	55	87	36	36	62	78	45	20	69	83	75	90	18	77	26	29	70	45	96	18	1	22	89	32	86	76	96	27	39	83	2	24	5	50	42	0	15	70	31	39	54	26	15	29	7	70	33	78	65	56	89	2	25	88	68	3	
Processor 1:	23	43	0	50	19	23	56	95	55	53	12	98	37	37	29	38	77	99	97	12	51	38	16	98	13	79	2	55	10	93	42	50	69	28	53	56	18	64	59	76	69	14	83	85	70	19	10	3	93	4	76	22	35	5	85	63	38	82	74	41	55	71	49	49	15	38	83	98	80	54	55	80	75	94	45	24	44	17	40	75	70	3	1	22	54	42	1	30	40	95	33	78	29	84	50	99	35	79	84	68	
Processor 1:	93	12	0	75	22	89	83	15	14	1	95	9	1	9	83	20	98	81	18	6	30	9	54	7	69	61	39	79	79	69	99	59	55	17	24	4	92	16	72	31	96	65	51	52	35	61	59	83	5	78	84	70	24	46	99	65	17	6	91	29	33	93	33	67	10	7	72	15	87	56	83	17	15	79	38	90	35	89	64	41	3	0	10	99	2	11	28	74	54	76	53	40	26	82	35	32	7	95	42	82	
Processor 1:	4	61	0	81	80	82	98	75	41	25	3	59	24	85	70	10	58	0	87	37	23	82	20	38	72	84	11	26	98	33	72	1	65	7	44	98	62	10	71	24	49	52	85	61	18	49	24	20	86	8	20	42	73	48	24	5	58	7Processor 6:	5	34	9	6	98	24	48	78	59	89	97	37	55	41	47	0	47	39	53	89	95	13	43	24	51	55	83	63	18	54	31	18	96	37	88	1	8	62	58	62	65	7	80	41	35	76	64	0	77	77	63	65	82	38	58	2	1	64	35	95	63	63	87	1	19	71	68	11	65	75	79	29	11	14	70	59	28	87	76	57	69	17	33	78	52	46	41	49	52	54	57	25	38	30	51	18	60	48	53	10	
Processor 6:	43	9	38	57	55	24	88	33	38	0	23	78	72	22	25	0	67	87	64	73	94	61	72	73	57	69	42	56	91	47	45	2	19	86	91	69	60	44	10	31	34	11	40	8	87	44	57	52	32	18	41	99	77	33	80	91	63	80	33	42	56	70	28	97	62	63	42	4	44	61	1	97	86	39	10	71	9	47	69	92	41	92	62	57	8	89	21	24	82	39	91	63	7	70	53	90	99	56	88	2	
Processor 6:	53	81	20	9	91	59	95	82	74	43	50	99	37	92	2	0	18	93	12	86	66	32	46	11	87	45	15	10	46	50	14	27	88	46	44	64	50	70	82	84	60	36	43	7	13	39	28	26	38	75	87	56	58	93	13	9	27	90	63	45	9	10	74	43	1	93	16	98	39	25	92	37	37	40	89	1	38	1	41	51	81	60	38	82	20	57	21	57	41	33	27	1	62	46	73	6	19	25	10	45	
Processor 6:	51	67	10	67	9	73	96	5	8	97	48	2	82	85	96	0	60	63	57	4	96	42	78	11	60	77	35	96	20	95	41	4	20	71	96	22	52	37	59	24	94	88	35	48	67	84	18	28	15	51	48	79	99	20	46	15	95	64	50	34	2	25	68	9	11	24	15	74	2	17	95	85	62	33	59	92	27	93	40	63	18	21	45	47	11	77	66	48	45	75	23	69	91	80	69	37	9	74	3	13	
Processor 6:	0	98	66	9	66	87	36	15	94	50	28	51	5	82	13	0	3	58	51	36	90	28	33	81	48	69	61	41	32	36	78	63	60	81	31	81	10	57	80	53	14	9	47	61	4	23	64	14	91	37	9	25	81	35	66	39	50	63	20	23	55	59	92	59	24	85	66	93	76	72	61	42	51	60	67	42	51	66	24	8	34	11	24	37	95	9	72	51	38	84	29	2	17	63	17	56	9	76	72	24	
Processor 6:	29	81	74	48	21	3	52	5	8	69	71	93	5	47	61	47	0	56	4	68	84	51	34	38	36	52	27	93	48	79	70	99	46	74	24	4	62	73	5	46	77	47	6	65	15	39	10	41	16	57	52	34	14	95	56	18	71	88	40	30	84	43	58	67	36	77	45	2	64	66	64	19	74	99	81	67	14	58	12	98	98	98	14	32	28	86	33	60	65	27	12	96	50	81	20	12	68	44	71	40	
Processor 6:	68	61	77	98	37	97	77	91	51	52	98	84	67	68	18	67	0	79	95	80	16	85	8	94	75	87	0	81	88	81	85	88	1	49	69	81	34	6	49	6	8	77	56	52	69	66	79	84	76	11	10	59	94	47	31	48	41	16	13	29	48	86	0	17	51	79	15	51	19	24	85	50	81	72	89	12	14	43	70	19	1	5	75	61	76	82	98	13	4	60	46	4	72	33	63	78	89	0	69	33	
Processor 6:	13	28	98	50	70	77	95	41	47	63	14	10	35	45	90	18	0	69	98	70	96	63	81	90	21	73	12	94	50	63	71	58	69	64	11	93	5	68	98	19	71	54	45	20	97	38	58	94	70	66	60	49	61	29	52	3	97	58	14	81	32	10	67	36	97	82	55	21	55	1	0	95	72	67	54	42	0	60	46	28	20	39	93	32	86	84	38	33	88	68	11	17	5	52	48	56	26	49	4	68	
Processor 6:	0	16	58	4	35	3	28	96	34	78	55	62	68	65	75	60	0	76	59	88	71	65	25	55	66	2	89	47	53	31	14	40	17	69	34	30	18	32	58	83	78	53	30	88	55	35	62	60	68	6	72	72	95	62	89	28	42	33	9	1	47	85	24	88	89	56	40	67	94	99	62	65	76	51	25	55	43	82	83	41	57	72	93	16	35	30	49	95	28	54	63	49	7	81	95	96	50	99	69	34	
Processor 6:	80	67	3	91	16	71	96	63	9	68	72	93	81	24	16	3	0	32	55	62	36	33	8	20	55	8	11	45	70	21	57	80	36	43	37	69	41	26	47	46	11	74	61	14	91	94	91	20	61	17	37	25	76	42	97	24	34	34	92	85	24	72	20	84	88	42	43	71	12	12	80	1	36	40	59	88	31	91	32	1	98	77	87	84	75	42	89	70	66	48	32	47	25	42	7	61	61	18	92	86	
Processor 6:	91	81	14	7	15	90	10	9	44	12	69	54	32	26	52	39	56	0	3	66	41	15	43	14	84	89	16	6	24	60	76	67	72	62	64	1	82	39	19	66	66	97	10	97	7	83	12	18	56	65	56	39	10	90	11	18	83	59	97	51	31	34	21	13	97	69	87	48	84	47	37	9	65	32	4	75	85	95	92	2	40	68	25	86	10	25	8	44	85	0	10	45	29	97	57	39	50	45	88	68	
Processor 6:	3	43	99	92	72	18	48	88	94	94	55	43	6	73	29	87	79	0	21	19	2	81	99	64	79	81	91	56	97	12	16	48	57	15	45	97	76	11	14	54	12	57	45	45	30	32	62	32	74	34	16	69	30	37	94	1	90	60	58	77	53	16	27	47	26	58	24	92	9	46	34	3	75	95	45	93	83	74	80	19	77	70	22	48	76	40	12	98	37	14	61	21	57	19	0	27	53	34	74	63	
Processor 6:	34	59	81	70	62	59	47	83	10	41	67	55	81	81	56	93	69	0	58	95	41	57	51	16	85	91	99	98	82	69	14	80	94	93	73	35	10	29	76	8	73	36	79	31	52	97	88	24	88	69	21	60	13	51	79	49	15	35	80	71	1	69	50	65	75	74	79	47	29	85	72	19	34	94	67	94	57	33	94	48	51	25	0	64	96	70	56	46	85	65	31	4	74	75	2	50	61	91	10	41	
Processor 6:	12	67	0	95	12	40	61	33	64	72	85	34	33	0	81	63	76	0	12	8	38	13	16	43	88	81	97	10	82	60	88	0	83	20	35	67	32	76	74	95	40	17	11	90	23	34	Processor 5:	47	43	62	57	86	74	11	25	14	89	67	36	0	70	89	55	5	32	93	30	63	99	6	58	75	39	85	34	59	27	4	43	50	76	1	11	85	59	58	81	86	18	95	7	64	63	52	7	84	15	69	16	80	58	8	40	5	89	75	90	47	83	16	43	53	20	25	87	43	38	68	7	4	4	8	49	93	19	5	67	94	2	8	11	8	23	66	54	66	64	34	36	93	44	44	76	73	34	58	93	
Processor 5:	14	15	37	83	97	4	76	52	29	7	83	96	0	58	93	72	67	6	9	37	27	31	45	21	55	94	47	32	32	67	83	4	80	71	38	74	6	74	50	47	21	98	30	4	19	65	44	0	66	86	56	68	52	82	50	19	4	68	82	10	58	62	37	21	29	94	93	49	48	18	2	32	41	63	52	38	70	65	77	3	63	83	5	95	3	71	89	20	55	67	43	31	49	38	78	82	43	55	24	43	
Processor 5:	73	94	1	33	15	76	90	36	8	14	3	59	0	75	16	37	35	81	90	43	25	86	39	35	36	70	51	63	95	57	95	65	22	28	37	85	80	54	98	0	3	32	82	15	99	2	44	42	59	75	81	83	12	98	50	89	0	42	59	50	80	90	90	44	70	55	31	56	79	54	43	41	19	19	83	89	67	39	51	16	24	29	50	96	12	2	67	0	70	74	5	13	75	23	34	43	83	9	51	38	
Processor 5:	77	43	24	26	71	31	38	3	25	23	43	85	0	98	99	82	68	33	48	67	85	28	35	74	80	93	98	40	91	75	42	70	70	28	82	74	28	94	87	85	95	13	49	73	56	87	13	98	1	51	49	78	8	30	68	47	20	95	98	36	20	32	74	14	82	94	12	47	73	12	66	88	30	62	94	90	31	27	76	8	42	98	70	36	95	14	81	89	56	17	95	36	56	75	2	30	11	23	1	99	
Processor 5:	7	0	46	26	56	45	10	56	35	59	19	15	0	44	89	5	81	62	33	46	67	69	14	79	42	49	52	13	98	8	66	26	66	57	96	84	10	97	72	51	17	31	58	58	37	84	6	97	89	8	71	56	44	8	82	16	42	10	82	75	13	60	55	64	96	23	30	79	93	25	22	35	85	52	33	21	6	2	44	18	61	58	72	94	7	11	55	96	62	78	96	14	98	73	92	65	29	28	16	37	
Processor 5:	7	74	69	23	85	27	69	64	92	9	3	92	70	0	89	41	47	26	29	41	45	51	93	95	69	27	33	68	13	21	21	42	63	6	28	98	75	14	34	89	22	98	37	52	3	39	12	15	67	86	39	0	94	32	97	43	41	62	11	55	41	12	80	9	9	34	23	45	8	70	48	94	60	51	89	77	18	95	96	51	26	67	73	71	43	19	79	12	96	30	55	77	98	5	34	65	41	12	50	82	
Processor 5:	9	58	37	99	6	82	71	62	91	4	95	29	58	0	42	22	68	73	47	68	50	4	53	74	99	6	21	97	97	17	6	18	10	55	95	19	8	66	0	63	83	60	22	47	32	39	40	37	43	24	40	10	33	34	64	62	7	80	31	63	40	52	90	55	0	49	88	34	67	58	61	62	19	73	93	94	79	38	96	21	58	31	97	63	22	31	51	59	87	38	6	47	2	38	85	20	86	22	76	7	
Processor 5:	97	27	9	3	53	74	23	93	16	11	0	41	75	0	51	92	45	81	24	23	21	29	60	94	28	15	39	74	88	30	98	59	29	41	59	14	69	39	52	0	97	97	64	92	51	97	53	40	91	48	0	39	15	11	6	1	73	0	51	36	62	15	61	98	22	47	68	57	57	47	45	90	50	47	56	3	65	77	55	36	21	30	18	9	9	49	0	11	81	42	47	36	20	63	2	20	90	7	87	42	
Processor 5:	36	35	85	61	84	89	87	7	68	52	5	32	98	0	59	85	65	0	79	13	12	39	71	36	11	10	18	8	8	14	57	11	68	60	23	22	52	44	58	90	80	75	84	52	64	1	83	87	84	16	51	7	62	95	98	13	53	72	11	70	50	34	28	84	89	40	58	85	72	58	62	42	77	80	83	74	7	70	69	22	89	51	62	98	40	33	11	42	52	34	53	32	72	59	70	31	65	29	0	84	
Processor 5:	73	91	69	52	89	52	46	5	3	33	60	55	44	0	6	82	24	90	84	82	20	0	11	50	91	94	63	34	90	6	28	33	46	73	2	49	15	24	55	45	5	46	86	79	31	33	67	48	4	37	48	77	43	94	72	22	61	84	26	82	76	49	21	25	44	82	79	90	13	55	76	19	45	58	57	4	55	53	33	93	65	78	24	64	75	56	1	60	95	79	46	63	86	84	38	32	15	41	24	39	
Processor 5:	84	49	54	86	72	34	40	93	62	25	66	27	89	89	0	47	61	52	27	47	60	87	84	10	86	9	88	51	83	36	63	80	46	48	42	84	71	2	20	43	82	24	95	23	43	70	3	8	51	2	55	46	29	1	17	39	98	11	9	92	79	97	8	97	56	54	73	32	8	8	37	86	80	78	29	46	66	8	25	7	10	91	38	97	51	18	90	15	72	50	41	27	37	88	57	86	0	88	38	44	
Processor 5:	6	1	29	51	51	75	88	33	93	54	68	75	93	42	0	25	18	29	20	40	84	11	55	94	66	66	43	84	40	74	89	57	67	16	53	13	44	90	48	19	34	23	57	33	91	76	12	1	30	56	78	90	2	57	20	66	66	8	75	33	88	0	29	87	84	9	89	49	3	52	99	88	20	37	21	48	67	84	10	29	47	44	34	3	80	37	13	51	3	81	1	52	10	84	10	77	96	33	70	48	
Processor 5:	26	14	83	36	56	6	23	83	98	67	63	26	16	51	0	2	90	56	79	65	40	41	37	0	9	42	92	27	71	37	20	74	84	97	96	49	16	53	91	81	72	38	96	22	70	96	52	64	53	48	74	16	34	37	83	41	5	13	89	51	73	6	3	8	95	18	49	79	11	33	14	45	19	99	67	65	42	63	18	29	55	48	3	78	92	6	25	49	59	80	79	88	97	63	37	35	91	50	82	70	
Processor 5:	32	85	70	89	37	65	72	45	38	7	95	82	99	59	0	96	75	81	80	74	42	41	42	26	69	68	29	10	40	24	45	83	18	85	88	74	4	27	98	37	0	72	82	82	49	89	11	5	85	3	35	68	31	43	63	5Processor 4:	37	80	18	0	5	85	63	3	16	0	16	88	89	9	25	89	69	12	41	43	43	78	88	41	89	56	1	88	58	39	92	91	57	64	38	12	8	99	51	96	27	40	67	46	6	8	75	14	87	21	55	15	61	63	95	97	26	1	26	19	98	95	81	14	52	28	60	50	31	32	77	8	68	89	4	39	90	48	41	79	9	67	86	28	12	90	81	8	24	95	39	85	77	94	10	0	28	71	23	40	
Processor 4:	81	22	53	7	47	57	41	54	31	0	81	60	7	4	54	0	52	94	31	98	21	77	29	87	74	90	85	31	27	75	68	97	86	80	41	43	51	57	32	87	44	10	30	58	2	21	11	24	33	69	51	74	39	0	7	80	52	31	46	74	31	90	67	15	11	21	42	23	28	10	75	31	27	14	47	40	44	89	3	19	32	62	0	59	37	86	13	80	84	63	78	62	0	47	16	26	90	45	62	4	
Processor 4:	85	46	1	83	49	66	20	32	43	0	32	38	14	11	67	43	63	41	91	13	73	25	27	86	61	26	49	7	85	15	90	8	90	97	36	4	89	2	52	95	98	62	48	11	78	21	73	52	61	32	93	8	41	48	2	47	83	16	50	29	65	12	14	73	53	96	28	73	93	73	49	61	51	74	38	47	40	1	60	3	19	13	64	40	58	23	64	24	83	51	48	26	68	51	0	76	31	97	75	5	
Processor 4:	90	79	25	68	43	80	41	10	8	0	1	5	23	52	7	97	78	72	58	92	87	58	41	36	14	20	76	10	70	92	59	46	52	0	82	24	85	4	82	84	71	81	77	32	80	34	8	29	46	13	98	67	57	3	72	3	42	9	33	81	99	37	64	71	19	62	99	12	99	22	9	22	43	89	67	30	0	93	99	31	96	10	48	70	35	46	81	9	2	55	37	37	78	94	0	20	54	3	12	0	
Processor 4:	92	27	61	64	25	28	92	10	87	0	78	60	59	33	91	50	68	55	8	0	34	34	58	36	80	13	3	73	95	4	31	32	56	95	31	49	66	23	77	38	10	42	85	27	41	66	30	89	62	55	38	28	60	3	75	91	11	10	14	24	48	77	46	87	80	47	59	96	3	65	20	58	12	54	14	22	48	18	29	53	14	17	4	2	35	82	68	48	73	59	30	6	4	4	16	44	16	64	58	58	
Processor 4:	42	38	69	52	47	15	27	73	89	16	0	10	67	3	66	97	71	69	55	33	67	55	36	32	39	9	29	79	53	54	2	67	50	31	29	56	21	52	90	43	64	27	57	72	21	49	65	32	59	53	43	13	51	78	70	22	43	96	75	80	41	0	93	54	46	46	54	82	9	5	63	17	0	70	88	81	5	14	85	2	93	0	10	98	28	95	0	6	6	24	30	77	39	80	74	97	36	78	20	95	
Processor 4:	42	9	12	64	95	34	8	62	47	81	0	58	83	95	68	23	98	55	8	73	89	72	80	61	24	60	53	48	87	42	48	20	24	11	31	50	3	53	99	96	18	64	94	25	80	57	9	20	94	40	82	27	10	99	96	11	85	27	25	57	11	78	92	36	85	39	35	97	28	53	96	83	87	27	73	62	64	14	10	34	62	53	2	49	48	3	54	45	61	12	15	98	27	94	65	35	50	19	51	58	
Processor 4:	9	52	95	54	36	34	79	75	72	32	0	39	3	0	63	50	14	67	67	28	90	54	2	20	72	83	92	76	96	94	11	57	97	23	83	56	32	73	30	24	89	45	23	86	77	59	74	86	24	79	70	88	96	30	18	31	44	55	81	11	38	76	6	40	20	31	69	5	22	11	4	20	1	31	85	58	99	87	71	88	40	94	41	77	95	15	73	10	6	14	55	44	36	93	17	6	78	4	33	6	
Processor 4:	52	95	3	49	10	45	72	28	14	1	0	3	43	5	95	48	55	85	62	42	5	4	16	24	36	15	19	54	40	77	89	10	25	74	89	6	31	48	90	79	25	73	29	44	87	11	99	5	53	37	38	89	83	11	16	30	72	44	29	25	25	85	50	36	48	17	93	3	50	56	98	20	38	70	38	44	57	84	1	82	13	15	12	53	68	74	83	15	8	20	10	34	18	42	68	97	8	30	53	21	
Processor 4:	34	43	0	51	56	45	92	44	78	78	0	0	19	60	84	28	72	29	53	47	9	25	16	33	63	66	1	80	58	12	72	24	22	89	4	25	79	44	93	51	79	37	67	46	18	11	71	70	40	96	32	43	54	32	35	39	89	32	57	2	66	9	59	80	78	33	11	10	88	6	7	90	97	57	10	22	43	14	6	14	25	81	82	81	64	40	49	69	58	62	64	0	82	87	37	25	28	5	26	99	
Processor 4:	8	61	99	76	93	17	80	90	47	88	10	0	36	92	27	37	93	54	26	42	27	72	87	53	85	6	20	47	75	19	75	76	77	68	67	66	27	33	24	24	40	72	44	20	23	65	26	50	75	81	73	97	90	75	16	44	16	17	93	6	11	89	81	89	23	8	66	86	81	72	3	75	52	28	3	74	40	2	33	70	99	56	36	29	93	51	98	47	38	32	11	10	2	71	33	64	34	23	14	13	
Processor 4:	22	15	98	82	52	4	76	56	38	60	58	0	96	29	75	78	84	43	91	58	58	9	71	5	0	8	29	82	7	43	34	6	48	39	32	60	58	53	66	48	57	73	76	53	91	35	91	88	23	19	68	49	39	73	38	2	34	85	46	71	0	16	13	13	28	47	57	82	88	6	39	31	75	86	26	2	3	63	91	94	0	75	95	27	44	28	4	20	27	26	53	63	47	60	61	61	62	89	41	55	
Processor 4:	18	0	9	52	34	40	1	96	5	38	39	0	59	41	26	99	10	55	81	41	93	42	41	25	93	6	47	68	37	88	50	7	84	17	94	18	2	30	59	70	25	51	8	61	51	43	84	25	39	63	33	87	4	87	77	5	12	88	37	46	39	79	89	56	47	50	14	43	65	75	56	82	11	59	12	90	77	48	19	56	55	28	98	12	97	83	82	76	17	90	45	12	92	71	87	83	9	26	61	91	
Processor 4:	94	19	59	90	61	51	92	32	57	5	3	0	85	32	82	2	62	34	58	5	40	92	37	99	25	3	85	71	36	10	90	79	41	67	67	43	24	1	89	66	49	63	15	34	5	51	1	53	21	32	17	1	6	20	14	29	35	71	2	8	Processor 3:	67	5	32	41	22	33	0	10	6	63	27	80	11	69	40	48	52	10	93	32	95	27	79	85	42	50	28	72	33	42	43	97	36	58	70	48	17	32	41	48	35	46	6	18	99	55	45	89	82	59	41	29	84	57	28	64	88	25	62	4	47	82	86	22	97	66	70	26	90	23	47	35	80	60	2	41	22	49	51	25	55	60	33	57	76	70	16	92	44	71	55	54	51	73	89	54	60	84	42	2	
Processor 3:	32	8	56	53	46	92	0	8	12	41	8	76	76	71	88	88	77	48	63	79	14	49	59	47	69	17	34	72	3	17	4	91	6	65	37	61	49	39	59	12	92	14	47	56	57	70	34	99	67	68	32	93	5	7	45	5	50	84	38	1	94	40	81	69	47	52	85	28	77	9	94	97	53	84	7	24	77	75	35	96	32	7	23	80	78	86	3	68	72	63	31	24	98	56	44	58	29	16	40	72	
Processor 3:	81	27	83	62	41	60	0	46	55	20	79	1	90	23	23	95	95	47	21	27	10	64	76	95	89	52	55	80	70	42	18	81	96	60	12	39	78	51	12	10	98	26	26	71	90	67	14	72	40	63	79	71	0	88	30	5	10	29	29	2	59	21	65	15	48	66	24	48	22	23	47	4	85	2	91	68	27	9	35	7	11	6	6	58	10	4	3	29	83	93	51	24	45	63	16	94	54	97	51	49	
Processor 3:	70	22	98	91	67	23	0	54	76	41	72	92	38	87	72	96	28	61	3	11	8	13	84	16	8	53	40	33	71	45	92	46	45	17	50	53	23	71	14	95	3	7	48	44	6	3	1	39	56	99	89	4	52	83	58	80	43	82	87	65	8	97	11	46	6	46	68	49	33	92	99	60	11	78	56	87	90	99	97	59	49	67	81	93	9	69	72	70	15	12	33	94	32	5	69	41	73	35	33	10	
Processor 3:	81	14	20	90	18	59	0	63	61	92	92	63	10	46	98	36	96	38	66	29	36	70	53	16	4	49	2	23	68	21	4	16	97	1	59	77	78	82	1	98	28	13	82	52	3	68	22	37	38	66	79	87	71	96	5	3	27	72	66	52	71	8	67	33	60	99	1	5	44	48	2	27	3	57	96	61	16	2	56	35	95	33	13	61	49	85	90	61	38	87	40	50	38	94	21	67	37	4	43	64	
Processor 3:	31	10	44	41	57	66	10	0	94	3	73	90	25	64	93	78	5	9	35	88	20	94	58	98	79	38	2	2	60	78	46	50	73	93	27	16	13	99	13	33	15	41	49	10	38	29	27	6	29	84	24	37	58	5	26	39	7	76	41	3	71	51	44	72	0	9	24	52	80	62	26	83	47	45	4	66	66	42	23	57	35	9	85	58	83	2	66	66	84	36	82	80	91	7	26	51	74	77	45	38	
Processor 3:	34	30	95	90	59	81	8	0	54	54	62	56	52	62	33	33	91	88	80	62	81	50	56	76	8	5	18	98	37	3	48	51	55	93	11	86	86	56	91	62	16	93	51	73	87	86	98	99	71	9	67	21	19	60	33	34	43	35	34	47	94	81	56	56	22	78	9	20	46	49	6	81	69	98	8	17	4	21	14	5	10	43	0	36	46	76	40	19	0	99	49	56	35	98	54	77	77	40	72	68	
Processor 3:	88	34	15	39	8	67	46	0	20	32	75	96	36	93	83	82	41	83	50	61	3	72	79	19	68	94	97	9	10	84	6	0	85	86	45	29	59	23	18	10	95	17	80	54	81	82	9	81	56	41	95	46	64	50	24	6	38	5	32	90	99	79	70	61	16	21	98	84	68	0	98	23	98	84	71	47	58	91	70	8	75	44	76	27	2	15	8	3	12	47	50	16	65	97	18	13	61	15	91	73	
Processor 3:	48	82	75	56	86	13	54	0	48	10	28	32	3	7	45	5	96	33	36	61	19	75	12	79	62	28	3	1	85	94	32	23	48	14	80	44	96	68	56	32	25	46	92	9	51	97	22	71	73	88	22	14	3	33	21	98	91	93	10	4	88	34	94	43	0	95	91	33	44	32	55	46	16	97	66	1	0	4	52	45	15	74	95	51	54	53	57	29	71	77	32	20	28	88	88	37	81	49	85	47	
Processor 3:	39	95	9	72	62	87	63	0	27	10	44	86	56	5	10	15	63	57	34	40	12	3	69	94	81	24	36	66	98	30	85	69	13	34	23	44	41	11	46	98	40	74	52	39	87	96	23	41	68	83	88	42	17	51	18	83	34	91	14	17	98	0	85	62	46	20	25	64	65	28	42	6	56	38	97	75	29	39	52	67	60	66	42	4	20	70	2	74	35	51	44	44	64	60	44	83	97	85	76	7	
Processor 3:	16	79	22	14	88	82	6	94	0	16	89	47	14	92	62	59	8	44	3	69	13	19	9	34	62	43	57	30	69	41	9	71	96	21	80	42	70	98	42	3	73	10	59	61	89	60	77	31	62	87	27	26	7	37	1	32	88	17	7	87	37	15	25	47	91	42	15	12	63	30	39	57	85	83	16	74	76	69	16	35	29	92	41	21	24	3	86	83	1	18	52	28	62	54	56	46	78	17	72	24	
Processor 3:	48	5	55	69	92	95	12	54	0	31	47	38	29	91	93	38	51	94	56	20	95	21	94	93	7	59	16	46	11	65	71	24	55	98	84	77	17	18	11	41	77	60	80	21	17	30	52	2	24	93	9	91	79	39	70	67	77	49	72	1	4	97	76	75	64	68	94	89	42	66	21	66	31	47	55	73	71	3	2	23	74	81	25	34	30	17	78	48	24	0	13	40	6	23	93	75	90	73	11	90	
Processor 3:	61	25	14	94	99	1	55	20	0	43	72	5	8	16	98	74	47	10	83	63	83	88	72	67	19	84	32	45	16	19	96	14	36	32	92	19	39	25	27	8	62	2	76	2	12	68	94	35	27	90	59	79	4	65	15	15	89	31	57	95	81	19	89	6	99	32	61	37	0	94	31	6	70	24	36	97	6	6	65	23	62	60	59	6	42	59	79	35	56	27	32	62	58	6	32	27	53	4	39	33	
Processor 3:	40	36	41	77	15	91	76	48	0	8	14	57	25	68	38	8	34	64	35	57	79	61	29	27	71	48	49	76	87	71	66	94	8	77	63	41	74	30	99	73	90	97	5	98	81	23	19	58	47	26	48	18	11	98	15	24	34	81	3Processor 2:	86	74	62	0	15	15	41	41	14	0	52	76	57	23	86	6	48	7	36	66	20	80	52	41	3	99	16	4	5	10	80	95	11	21	76	98	49	3	59	80	92	51	66	99	76	71	89	99	73	78	1	36	31	7	78	26	85	91	4	89	92	48	68	37	42	74	69	34	62	50	96	10	99	2	61	35	51	64	81	63	95	49	48	99	23	19	43	68	75	3	61	80	46	16	63	7	96	78	87	43	
Processor 2:	44	98	50	0	56	77	53	90	69	7	64	82	83	99	51	57	98	92	32	44	48	91	56	6	42	76	68	46	27	33	38	3	24	64	12	85	26	81	84	88	53	9	1	3	98	48	47	0	27	53	73	45	90	56	65	1	77	26	62	4	23	35	75	14	35	98	68	94	7	78	96	60	39	94	13	10	81	62	0	8	63	60	72	8	87	8	63	25	85	82	96	86	77	17	96	37	79	71	0	67	
Processor 2:	71	31	75	0	73	82	62	39	94	83	54	52	33	3	36	9	50	70	0	63	3	39	4	82	12	66	79	11	41	84	34	25	89	32	71	22	13	42	38	78	23	72	57	57	12	40	41	64	24	15	70	70	62	41	73	53	93	19	78	30	5	73	87	81	19	69	2	88	65	61	21	28	64	91	60	12	95	61	82	49	22	60	41	71	9	5	61	63	68	31	18	74	90	52	88	0	80	59	87	73	
Processor 2:	74	2	81	0	36	99	91	56	77	68	49	90	26	61	89	67	4	95	96	40	49	45	0	10	4	43	62	43	72	25	90	6	31	64	15	32	97	78	3	42	90	95	93	98	25	10	75	58	42	82	47	53	50	33	34	28	40	65	43	89	92	2	78	60	97	16	65	53	49	7	36	90	86	33	87	27	90	19	6	91	68	91	29	8	75	1	81	87	56	54	98	2	9	59	50	68	6	34	3	18	
Processor 2:	78	16	2	0	69	33	90	72	69	64	51	67	26	52	42	9	91	39	19	60	50	33	51	43	4	65	90	30	12	60	28	19	48	23	0	88	92	29	57	65	43	82	21	44	20	71	99	38	0	45	7	53	1	79	36	19	12	6	73	15	25	42	37	70	28	14	11	34	53	87	66	42	2	39	28	28	84	25	10	45	35	48	24	6	11	4	47	66	83	87	94	86	49	67	39	57	63	67	66	86	
Processor 2:	20	8	92	15	0	0	22	57	88	5	47	93	86	85	72	98	21	15	66	82	18	1	81	56	46	43	14	79	87	9	59	79	21	47	40	50	70	78	31	3	60	29	5	46	21	8	65	85	34	30	47	91	72	41	8	80	25	3	34	88	86	43	25	42	36	65	42	63	75	81	45	53	61	30	24	40	72	65	17	96	3	32	89	46	51	87	67	41	58	14	97	47	15	31	61	81	48	13	46	14	
Processor 2:	80	19	19	56	0	46	46	59	92	47	95	52	97	6	51	55	37	72	73	25	44	78	80	4	90	14	22	43	2	28	23	4	27	24	64	0	3	24	24	63	72	2	83	66	41	31	42	25	94	76	43	72	90	36	69	65	10	20	64	74	39	2	11	73	93	98	48	4	28	53	18	19	89	40	69	96	91	96	73	95	37	56	9	96	9	65	37	39	0	67	61	54	62	4	51	47	94	83	82	97	
Processor 2:	25	3	22	73	0	80	41	8	99	49	36	34	15	53	56	91	70	62	35	44	52	70	97	80	4	79	50	25	10	15	46	63	44	75	55	83	10	7	58	73	14	80	57	10	50	1	42	35	97	84	69	16	40	66	56	24	79	38	76	83	91	43	10	67	41	28	13	58	69	90	68	79	8	29	53	75	93	1	59	14	64	45	95	3	0	11	2	67	9	29	59	32	64	82	26	94	81	83	92	87	
Processor 2:	77	59	80	36	0	21	67	86	15	43	10	61	71	84	37	9	35	12	13	74	95	57	49	35	94	72	47	95	54	63	37	5	63	4	87	71	64	0	30	95	65	71	21	68	26	76	50	5	36	87	48	82	53	84	69	36	82	39	42	21	15	3	19	37	52	21	62	77	85	29	55	49	9	15	21	80	91	44	83	11	13	90	15	24	76	7	40	67	10	44	5	82	61	86	24	36	21	69	56	5	
Processor 2:	13	0	93	69	0	48	18	62	63	25	56	70	56	89	95	66	16	15	84	35	77	60	46	57	87	16	44	19	12	11	16	26	86	70	5	73	11	92	34	97	23	82	33	31	78	74	11	13	29	5	15	37	90	48	44	46	24	5	88	97	74	10	23	50	51	12	79	68	37	20	51	30	59	42	45	75	58	46	58	57	45	16	29	60	31	96	37	5	56	42	9	60	69	17	72	20	36	96	65	25	
Processor 2:	27	7	54	15	0	0	33	66	82	85	15	17	74	27	34	24	3	90	68	8	66	1	61	58	77	19	89	81	64	48	78	74	19	37	90	52	87	72	29	59	10	34	35	42	57	91	67	73	99	35	9	40	27	92	23	38	8	52	51	53	22	19	41	96	50	57	37	37	78	91	68	57	52	92	22	2	97	49	97	20	82	9	43	6	99	38	70	86	82	39	65	27	86	18	36	41	8	96	0	18	
Processor 2:	6	3	23	77	46	0	92	81	95	57	34	4	4	82	75	24	97	18	77	49	0	30	92	2	9	44	76	25	9	44	11	25	30	42	41	23	14	6	75	86	88	28	99	43	77	55	96	22	83	21	74	51	34	48	54	18	76	15	58	75	42	99	2	37	46	42	96	18	80	5	81	80	95	4	80	15	16	46	35	77	12	97	44	18	18	72	39	17	91	9	64	3	32	71	30	95	14	2	73	24	
Processor 2:	3	21	89	82	80	0	60	67	1	66	34	40	76	74	6	59	77	59	70	25	45	59	39	19	28	70	26	4	1	72	60	87	99	65	21	4	50	51	34	72	65	61	57	25	29	10	44	26	92	37	77	24	53	44	98	94	5	75	77	86	56	60	2	56	65	38	79	76	47	41	78	35	45	72	56	68	67	44	47	99	26	43	11	61	58	29	62	41	81	6	24	70	31	11	2	35	82	2	40	4	
Processor 2:	40	55	82	99	21	0	23	13	91	80	45	51	31	89	65	73	3	40	67	98	43	40	6	31	29	58	64	4	63	7	67	76	11	86	31	43	82	4	72	9	76	66	99	89	37	8	49	58	12	97	71	73	77	43	39	20	96	85	58Processor 7:	36	14	23	36	66	68	93	35	3	41	55	26	93	29	27	53	4	3	0	85	98	24	69	10	98	47	84	35	36	82	52	54	90	40	39	42	17	65	34	36	30	85	24	32	97	60	8	82	24	83	37	93	26	87	67	42	86	33	77	50	65	7	86	15	14	55	65	73	85	14	38	22	62	27	4	64	51	55	41	29	89	18	61	83	85	34	31	40	81	30	86	38	8	44	77	34	67	54	62	33	
Processor 7:	80	51	97	32	73	77	63	80	56	31	8	91	9	47	20	64	95	21	0	16	7	41	84	51	84	37	89	29	32	19	21	25	65	96	26	23	93	11	39	87	59	34	50	57	37	67	37	12	96	98	4	95	65	29	41	6	47	75	93	3	66	17	21	67	51	32	66	31	85	66	82	56	75	1	71	24	25	25	43	77	6	33	0	19	74	2	91	61	65	3	11	66	68	77	21	53	66	65	29	36	
Processor 7:	44	23	18	0	35	70	21	50	83	91	67	81	90	24	79	12	98	58	0	48	41	13	71	92	64	82	98	79	36	33	45	48	13	1	35	62	51	5	20	98	91	43	34	12	31	21	76	92	26	25	0	4	83	63	70	7	44	40	5	73	69	67	22	53	75	86	57	69	77	80	19	25	44	5	2	64	73	33	66	20	35	34	60	26	41	11	54	6	48	58	87	34	95	37	68	49	27	64	71	64	
Processor 7:	37	73	87	96	13	67	3	36	35	58	62	58	48	79	80	57	59	12	0	86	12	32	35	96	42	24	88	93	59	86	17	34	10	31	22	37	96	18	81	90	69	12	54	69	54	42	84	99	99	65	74	18	49	37	70	34	67	59	72	84	71	66	63	29	53	49	34	45	94	50	26	8	2	57	30	62	22	97	14	27	12	1	72	97	68	85	99	13	54	85	59	33	63	11	82	17	17	46	7	6	
Processor 7:	9	21	86	19	84	21	66	34	2	8	53	33	33	84	82	51	55	42	0	94	7	8	46	72	74	39	99	55	96	6	75	22	17	24	8	80	49	95	75	24	52	61	9	1	81	32	75	28	33	67	47	81	22	39	34	60	61	91	41	99	33	70	67	64	70	9	59	85	97	78	4	86	80	27	8	20	0	97	82	30	44	80	71	84	81	26	61	59	66	54	65	66	77	16	79	55	7	97	37	25	
Processor 7:	77	9	88	66	82	8	32	88	69	43	33	42	30	41	47	89	68	66	85	0	68	90	13	66	7	20	87	67	48	20	14	22	66	61	79	91	49	75	98	24	67	85	28	22	64	24	58	7	26	45	62	17	27	26	24	33	68	21	55	94	46	87	65	75	27	12	66	18	13	20	12	52	19	21	4	38	2	25	18	21	9	63	28	83	41	62	44	24	45	68	75	14	74	34	87	96	88	92	27	31	
Processor 7:	11	37	12	44	25	49	79	62	20	98	73	58	37	68	40	73	80	19	16	0	85	65	52	16	96	75	37	58	65	33	34	25	30	61	35	38	69	79	22	84	78	53	91	5	65	67	45	35	59	69	71	53	46	8	47	86	15	58	46	85	75	15	17	33	46	98	85	77	70	96	89	97	81	46	29	36	16	17	35	67	84	56	40	69	4	14	34	40	83	42	40	58	5	61	21	80	36	1	25	40	
Processor 7:	33	19	6	63	44	25	27	61	63	13	28	41	43	23	65	86	70	95	48	0	76	59	21	96	74	10	59	21	36	43	26	13	42	0	19	33	91	74	93	78	13	53	24	97	68	60	55	37	54	97	78	87	22	45	38	10	54	53	63	11	47	31	46	52	43	34	29	30	54	95	89	77	96	46	3	33	39	29	39	31	11	1	35	61	34	72	14	27	74	30	80	99	31	53	95	34	3	2	3	14	
Processor 7:	28	24	37	40	74	98	11	61	57	92	42	5	67	13	74	4	88	8	86	0	91	80	82	68	92	53	50	33	66	66	12	37	82	66	32	57	31	22	29	3	42	49	74	93	90	44	72	32	58	40	25	78	76	97	77	54	50	79	98	36	46	93	72	51	7	88	75	35	5	29	61	52	57	12	8	69	68	76	79	35	66	15	94	25	49	28	36	25	66	27	27	77	81	8	38	17	18	56	41	70	
Processor 7:	74	60	21	60	35	2	29	40	37	0	47	94	46	82	92	36	62	79	94	0	36	70	36	38	70	44	85	13	23	46	7	38	67	54	13	48	97	64	91	25	63	42	21	50	78	21	83	94	7	23	20	29	89	18	87	8	45	64	81	29	83	81	52	96	4	40	17	30	50	99	47	6	72	93	93	6	2	64	60	19	47	3	68	37	47	18	33	12	72	65	73	83	35	5	24	85	54	66	11	5	
node  90:	0
node  91:	0
node  92:	0
node  93:	0
node  94:	0
node  95:	0
node  96:	0
node  97:	0
node  98:	0
node  99:	0
	71	7	44	9	45	81	68	20	21	68	97	79	37	38	29	20	71	87	70	47	98	54	87	77	59	78	15	21	97	85	67	29	28	95	60	66	74	69	57	3	64	
Processor 2:	16	6	25	33	48	0	59	87	83	28	45	68	45	52	74	87	71	61	21	2	41	66	51	44	67	28	3	12	72	23	8	70	99	5	15	76	66	45	33	71	50	68	97	18	60	91	20	45	36	47	97	66	93	51	64	53	78	20	25	96	19	83	15	79	90	28	50	50	14	68	82	67	70	31	66	45	96	7	1	41	92	93	7	52	53	43	49	5	14	93	19	69	69	20	28	25	86	72	92	62	
node  15:	0
node  16:	0
node  17:	0
node  18:	0
node  19:	0
node  20:	0
node  21:	0
node  22:	0
node  23:	0
node  24:	0
node  25:	0
node  26:	0
node  27:	0
node  28:	0
node  29:	0
97	0	30	27	77	46	0	93	28	27	31	65	71	60	74	46	8	51	32	2	51	71	38	87	6	66	9	94	49	81	53	55	91	89	17	64	27	60	5	0	
Processor 4:	44	34	27	67	70	68	63	86	33	60	0	0	15	55	43	51	93	30	33	94	22	34	9	0	12	53	31	44	44	16	81	70	7	71	71	63	30	1	69	6	95	48	59	71	39	22	38	63	11	18	41	18	23	66	34	31	9	82	16	56	96	4	36	8	40	20	85	64	80	33	49	33	19	8	24	41	34	14	16	74	68	36	94	41	65	27	67	76	41	38	83	77	16	24	3	60	33	27	73	71	
node  45:	0
node  46:	0
node  47:	0
node  48:	0
node  49:	0
node  50:	0
node  51:	0
node  52:	0
node  53:	0
node  54:	0
node  55:	0
node  56:	0
node  57:	0
node  58:	0
node  59:	0
78	71	21	25	72	43	40	76	92	80	22	60	26	52	54	89	57	60	33	19	98	91	68	3	66	82	4	17	48	55	56	27	38	89	25	64	36	6	20	15	36	12	5	70	52	9	50	58	50	68	57	79	97	41	
Processor 6:	78	93	52	39	15	61	38	57	49	55	29	30	62	90	41	58	32	0	42	79	27	93	12	85	47	90	66	47	62	26	28	67	14	70	28	81	57	17	88	23	43	79	53	18	91	57	25	3	86	16	87	88	43	93	29	39	9	17	16	38	11	27	46	49	65	10	1	89	92	96	88	92	27	75	13	20	7	40	49	40	69	62	78	88	99	42	26	87	15	8	24	78	72	54	48	92	28	26	40	79	
node  75:	0
node  76:	0
node  77:	0
node  78:	0
node  79:	0
node  80:	0
node  81:	0
node  82:	0
node  83:	0
node  84:	0
node  85:	0
node  86:	0
node  87:	0
node  88:	0
node  89:	0
6	40	30	57	24	4	38	82	20	36	12	28	97	3	33	43	96	19	62	20	67	40	94	42	54	74	71	56	23	22	67	68	31	22	50	89	91	49	96	55	68	16	
Processor 3:	47	74	23	69	63	83	61	27	0	87	78	33	35	3	86	94	9	49	2	37	24	77	34	17	68	16	64	34	69	66	60	89	99	54	38	85	87	32	0	19	25	66	98	92	85	70	95	4	84	47	21	36	43	65	51	28	51	80	52	97	16	70	62	57	64	59	25	52	33	25	75	94	50	45	40	62	8	1	26	33	68	54	93	28	58	76	24	89	49	71	67	42	19	45	90	2	45	1	76	10	
node  30:	0
node  31:	0
node  32:	0
node  33:	0
node  34:	0
node  35:	0
node  36:	0
node  37:	0
node  38:	0
node  39:	0
node  40:	0
node  41:	0
node  42:	0
node  43:	0
node  44:	0
8	62	78	96	35	48	17	55	45	69	15	96	78	48	38	1	87	44	8	39	64	17	26	7	57	17	32	95	24	31	54	62	17	11	95	15	24	83	51	44	21	83	64	
Processor 1:	27	14	0	2	93	25	20	9	23	61	0	27	46	69	67	66	3	52	86	21	53	25	40	5	87	71	51	20	95	36	82	53	45	85	77	95	64	88	46	4	48	34	33	59	32	52	21	87	99	12	41	43	5	39	6	91	53	42	88	16	49	60	0	43	10	66	57	74	11	89	29	45	0	37	99	75	7	38	8	62	34	22	31	34	97	31	27	75	54	5	62	77	49	92	75	86	51	97	63	47	
node  0:	0
node  1:	0
node  2:	0
node  3:	0
node  4:	0
node  5:	0
node  6:	0
node  7:	0
node  8:	0
node  9:	0
node  10:	0
node  11:	0
node  12:	0
node  13:	0
node  14:	0
	6	55	79	41	40	53	15	66	14	74	98	97	63	68	33	0	12	49	99	93	38	67	59	19	73	94	23	70	87	23	7	16	34	35	77	38	26	68	84	4	79	5	3	12	
Processor 5:	84	52	67	42	95	74	98	10	86	91	84	43	89	6	0	13	16	41	82	92	83	94	53	69	87	1	88	85	97	76	42	40	99	97	49	60	4	81	62	77	82	68	96	3	52	79	4	91	74	19	70	52	37	12	94	55	35	4	95	23	61	78	78	16	93	50	21	50	15	56	83	7	22	42	52	26	99	4	62	74	52	68	61	56	69	93	17	97	4	19	74	9	23	21	10	29	66	36	52	85	
node  60:	0
node  61:	0
node  62:	0
node  63:	0
node  64:	0
node  65:	0
node  66:	0
node  67:	0
node  68:	0
node  69:	0
node  70:	0
node  71:	0
node  72:	0
node  73:	0
node  74:	0
Begin to read the matrix!
The first integer of the file should be the size of the matrix!
Input the file name of the matrix:Input the start node:Finish reading the matrix,the nodenum is: 100;
