Processor 1:	0	0	3	86	20	27	67	31	16	37	42	8	47	7	84	5	29	91	36	77	32	69	84	71	30	16	32	46	24	82	27	48	14	87	28	77	97	49	88	82	2	14	14	50	2	59	0	77	65	77	70	55	20	68	59	95	64	99	24	67	29	8	77	49	88	50	57	95	68	33	0	70	98	77	74	19	14	91	78	58	86	68	28	9	62	28	87	16	27	54	96	17	15	26	17	57	49	28	15	60	
Processor 1:	0	93	23	44	80	6	32	34	48	81	42	22	14	9	6	43	68	3	80	11	17	39	94	16	70	56	33	67	91	43	13	27	85	35	68	86	75	11	78	50	80	67	6	57	8	83	20	50	21	39	23	47	42	29	14	14	95	87	54	14	19	17	9	98	85	89	98	54	0	62	62	22	0	21	36	74	46	54	87	79	71	4	53	10	67	66	0	90	88	27	65	54	15	48	77	83	8	58	53	37	
Processor 1:	0	50	93	71	25	3	81	88	61	85	9	18	73	97	26	53	13	34	44	33	82	59	51	22	62	15	73	92	29	14	46	94	69	91	8	8	79	26	28	75	20	65	22	72	43	92	28	80	20	29	38	55	43	76	20	5	78	21	61	15	83	61	18	98	17	32	76	60	29	41	21	88	72	32	0	15	92	43	19	17	3	32	90	52	18	76	51	37	21	77	3	18	87	19	29	0	2	72	21	27	
Processor 1:	0	33	4	74	77	40	70	48	40	90	52	94	77	36	32	51	0	12	37	28	4	79	49	97	17	49	93	76	75	80	71	39	66	49	20	59	62	64	11	48	52	63	28	74	31	0	72	55	7	42	99	70	47	5	82	23	49	7	46	63	33	31	34	45	85	3	83	74	80	39	33	80	85	31	96	8	20	45	49	20	4	71	32	55	50	54	76	80	57	73	78	30	19	72	98	31	61	40	59	39	
Processor 1:	0	20	27	78	13	16	81	39	47	92	34	44	7	73	84	0	80	78	9	74	93	24	4	99	53	84	7	75	88	35	41	83	97	43	57	88	41	63	71	24	40	71	24	83	59	43	6	33	1	47	25	54	29	18	15	66	94	30	4	80	46	88	2	2	36	1	61	72	55	4	36	9	63	48	35	4	94	79	41	85	53	64	50	23	39	40	43	87	51	96	9	39	68	10	67	36	7	10	55	95	
Processor 1:	0	32	53	38	78	79	90	91	97	30	34	92	91	2	6	24	59	14	50	23	7	75	35	5	77	86	22	66	78	19	49	50	45	79	93	85	25	50	83	11	59	83	91	67	17	79	26	7	97	65	95	50	6	89	15	99	62	56	0	81	19	97	31	83	72	35	3	3	8	95	9	23	15	77	83	81	52	70	46	11	55	98	91	52	18	11	25	63	95	71	49	4	81	90	35	39	1	26	49	99	
Processor 1:	0	2	15	9	48	7	99	1	31	77	72	97	14	35	11	10	83	23	24	14	28	5	60	75	97	69	48	60	94	44	99	27	95	58	10	40	17	88	47	91	50	93	10	89	31	18	89	77	42	17	83	76	32	33	30	54	20	27	61	96	18	53	6	0	72	14	81	37	35	50	51	42	97	38	56	31	36	14	21	66	88	36	7	88	30	51	72	21	20	52	39	4	56	6	96	93	41	13	82	60	
Processor 1:	0	67	98	42	57	40	86	60	68	78	29	37	93	85	46	95	77	16	57	79	4	1	93	28	86	50	95	31	63	87	27	30	13	64	30	30	52	57	81	42	51	66	43	80	29	50	16	57	81	72	30	80	48	39	27	32	50	68	37	76	32	5	47	38	95	66	96	49	8	7	69	38	33	23	66	31	97	23	62	87	3	57	87	58	57	75	2	84	61	39	34	45	86	38	6	31	36	61	78	1	
Processor 1:	0	44	56	4	20	29	69	91	65	62	51	45	93	11	83	64	94	88	94	6	21	80	38	97	20	71	2	30	84	11	14	36	67	75	1	44	68	98	26	78	81	75	96	56	49	92	12	78	93	85	18	33	86	74	69	49	95	13	9	67	23	45	48	32	11	55	71	6	91	65	9	57	89	13	72	86	27	6	22	83	83	47	9	31	85	55	39	8	59	61	20	35	67	27	7	82	91	16	58	34	
Processor 1:	0	87	1	63	69	93	34	5	18	39	27	93	19	22	21	2	95	26	17	89	13	72	86	12	96	38	32	54	79	60	73	97	82	61	69	86	51	82	18	67	86	93	93	15	65	10	99	59	17	59	65	80	17	57	1	50	11	93	89	24	70	38	86	3	52	13	56	35	21	0	65	33	38	68	96	2	30	42	79	20	8	68	37	18	90	9	90	43	27	3	74	5	72	71	70	45	21	32	36	69	
Processor 1:	0	0	73	74	8	7	5	10	79	80	38	61	43	74	49	34	81	81	14	9	6	6	19	67	22	57	25	36	83	31	31	65	69	90	31	47	29	76	74	55	72	41	54	59	88	66	11	47	40	11	5	54	67	8	92	83	68	92	27	70	73	49	66	15	23	94	36	12	98	30	5	10	86	55	69	10	66	1	30	90	53	32	44	90	34	35	48	7	85	76	18	92	49	12	89	40	20	80	58	10	
Processor 1:	93	0	43	98	19	3	8	30	5	22	9	15	15	58	1	9	61	43	51	37	21	88	6	47	65	65	5	52	39	76	74	11	27	86	84	2	7	79	69	0	88	57	19	56	89	0	12	36	89	48	45	73	76	86	70	40	52	31	53	42	94	57	10	90	62	5	92	5	13	67	10	60	59	44	34	62	70	1	15	35	33	87	85	52	89	93	64	18	29	47	63	24	15	87	64	6	54	58	25	82	
Processor 1:	50	0	12	31	3	21	27	34	25	46	52	0	94	27	14	81	28	59	23	19	81	85	64	49	63	10	27	94	42	11	11	39	29	28	71	84	52	65	75	3	93	35	7	74	37	19	28	48	47	32	73	72	84	12	62	84	20	71	36	48	12	87	60	97	51	6	45	97	90	5	82	54	15	21	95	30	21	44	50	37	3	46	86	10	75	75	42	15	65	51	1	4	80	27	90	41	1	21	79	73	
Processor 1:	33	0	61	2	59	55	22	82	36	79	95	19	43	35	85	67	16	67	73	24	56	79	41	34	56	1	91	86	20	66	84	1	91	55	49	61	66	37	29	50	54	4	73	90	36	2	86	94	5	74	94	82	99	91	90	20	74	3Processor 2:	32	0	94	34	5	1	74	36	69	12	17	65	40	99	85	74	81	11	7	35	65	86	63	63	76	65	55	34	73	73	41	98	95	85	88	81	86	3	56	53	57	92	21	94	11	66	7	73	3	21	70	49	12	42	71	38	43	53	18	10	86	72	70	15	8	84	34	48	42	67	97	94	8	15	63	37	86	42	5	96	1	81	49	36	21	86	36	70	60	14	38	42	41	57	25	65	56	24	18	40	
Processor 2:	2	0	53	24	16	68	75	21	89	98	32	39	27	70	25	87	82	72	70	96	11	86	88	93	64	93	91	0	87	71	70	81	83	44	70	4	35	27	15	82	48	82	29	18	68	77	35	66	9	21	55	63	60	7	43	33	87	91	6	38	31	95	3	29	68	89	38	37	93	25	75	94	40	98	35	83	43	73	74	45	3	97	37	4	23	84	31	85	19	50	84	31	24	23	61	46	32	71	63	30	
Processor 2:	67	0	76	27	72	44	45	91	58	71	32	64	24	82	51	11	51	9	40	33	67	13	94	30	58	86	91	9	47	7	69	84	88	23	68	73	14	69	57	11	53	61	82	3	95	94	25	14	68	59	65	53	71	53	66	3	56	26	29	9	64	22	9	14	60	81	64	24	21	27	79	16	63	45	9	44	21	31	12	94	14	67	70	0	66	49	29	15	53	78	94	98	0	90	66	78	57	78	5	78	
Processor 2:	44	0	51	29	48	78	71	75	25	49	27	41	92	62	29	82	53	16	43	39	63	35	47	68	50	97	57	36	27	57	96	95	93	70	86	72	91	58	63	21	87	1	75	19	65	22	95	8	75	1	63	23	69	57	43	49	3	57	56	86	8	49	19	40	45	48	12	59	99	89	51	70	82	47	25	92	49	89	50	50	38	95	22	90	99	76	85	74	72	65	56	20	16	69	53	4	24	99	21	38	
Processor 2:	87	0	11	86	3	36	74	61	67	96	58	39	92	21	81	0	10	68	80	64	70	64	53	0	94	16	26	49	17	75	82	73	35	5	39	22	88	42	61	92	40	47	35	12	44	80	61	74	8	49	26	4	84	20	62	41	55	87	11	60	97	28	44	67	31	16	14	37	3	50	30	1	47	12	86	72	17	96	89	77	11	39	57	54	5	52	93	98	69	53	47	85	56	19	29	10	52	35	33	7	
Processor 2:	3	73	0	62	92	54	32	44	22	18	69	99	62	69	54	9	74	14	23	88	71	43	98	15	3	18	0	37	39	36	8	45	50	46	67	81	56	25	37	58	87	60	25	69	55	87	36	36	62	78	45	20	69	83	75	90	18	77	26	29	70	45	96	18	1	22	89	32	86	76	96	27	39	83	2	24	5	50	42	0	15	70	31	39	54	26	15	29	7	70	33	78	65	56	89	2	25	88	68	3	
Processor 2:	23	43	0	50	19	23	56	95	55	53	12	98	37	37	29	38	77	99	97	12	51	38	16	98	13	79	2	55	10	93	42	50	69	28	53	56	18	64	59	76	69	14	83	85	70	19	10	3	93	4	76	22	35	5	85	63	38	82	74	41	55	71	49	49	15	38	83	98	80	54	55	80	75	94	45	24	44	17	40	75	70	3	1	22	54	42	1	30	40	95	33	78	29	84	50	99	35	79	84	68	
Processor 2:	93	12	0	75	22	89	83	15	14	1	95	9	1	9	83	20	98	81	18	6	30	9	54	7	69	61	39	79	79	69	99	59	55	17	24	4	92	16	72	31	96	65	51	52	35	61	59	83	5	78	84	70	24	46	99	65	17	6	91	29	33	93	33	67	10	7	72	15	87	56	83	17	15	79	38	90	35	89	64	41	3	0	10	99	2	11	28	74	54	76	53	40	26	82	35	32	7	95	42	82	
Processor 2:	4	61	0	81	80	82	98	75	41	25	3	59	24	85	70	10	58	0	87	37	23	82	20	38	72	84	11	26	98	33	72	1	65	7	44	98	62	10	71	24	49	52	85	61	18	49	24	20	86	8	20	42	73	48	24	5	58	78	62	78	96	35	48	17	55	45	69	15	96	78	48	38	1	87	44	8	39	64	17	26	7	57	17	32	95	24	31	54	62	17	11	95	15	24	83	51	44	21	83	64	
Processor 2:	27	14	0	2	93	25	20	9	23	61	0	27	46	69	67	66	3	52	86	21	53	25	40	5	87	71	51	20	95	36	82	53	45	85	77	95	64	88	46	4	48	34	33	59	32	52	21	87	99	12	41	43	5	39	6	91	53	42	88	16	49	60	0	43	10	66	57	74	11	89	29	45	0	37	99	75	7	38	8	62	34	22	31	34	97	31	27	75	54	5	62	77	49	92	75	86	51	97	63	47	
Processor 2:	53	94	0	39	16	47	94	36	30	29	17	20	89	23	66	19	1	21	74	21	57	89	4	92	51	71	3	29	80	13	54	8	44	60	58	21	56	68	58	3	45	95	3	96	2	74	22	3	96	2	37	19	77	77	57	52	26	65	8	71	29	99	9	38	86	23	0	9	73	40	62	26	25	27	9	20	7	32	27	99	90	50	95	98	51	58	14	8	58	53	19	14	22	17	76	17	5	8	56	98	
Processor 2:	15	53	0	61	9	38	65	34	81	61	75	90	36	78	86	93	36	21	32	90	65	24	99	37	37	13	98	98	6	41	10	88	32	99	50	2	75	15	33	63	86	18	40	88	41	57	27	24	39	64	15	44	42	21	55	80	44	80	66	26	91	18	76	60	87	54	17	65	63	41	70	26	88	21	36	51	58	98	93	51	82	73	78	55	52	47	65	55	80	75	70	17	21	42	85	89	19	85	14	90	
Processor 2:	98	76	0	20	39	60	38	77	53	92	56	96	63	90	24	89	26	52	56	4	51	77	19	52	36	95	10	55	83	35	44	70	46	98	52	39	36	86	2	58	95	21	83	70	15	25	21	20	61	76	24	39	18	41	64	29	76	55	46	75	30	2	29	12	53	12	85	7	55	85	29	48	64	0	36	40	70	72	49	63	30	68	28	27	16	94	91	39	58	12	78	61	20	43	93	28	98	82	37	58	
Processor 2:	56	51	0	45	30	71	94	23	33	58	49	16	9	64	42	47	2	76	3	11	62	59	72	38	19	75	19	80	47	92	50	76	50	81	37	18	11	13	28	10	55	79	8	3	49	6	25	43	19	57	Processor 3:	86	74	62	0	15	15	41	41	14	0	52	76	57	23	86	6	48	7	36	66	20	80	52	41	3	99	16	4	5	10	80	95	11	21	76	98	49	3	59	80	92	51	66	99	76	71	89	99	73	78	1	36	31	7	78	26	85	91	4	89	92	48	68	37	42	74	69	34	62	50	96	10	99	2	61	35	51	64	81	63	95	49	48	99	23	19	43	68	75	3	61	80	46	16	63	7	96	78	87	43	
Processor 3:	44	98	50	0	56	77	53	90	69	7	64	82	83	99	51	57	98	92	32	44	48	91	56	6	42	76	68	46	27	33	38	3	24	64	12	85	26	81	84	88	53	9	1	3	98	48	47	0	27	53	73	45	90	56	65	1	77	26	62	4	23	35	75	14	35	98	68	94	7	78	96	60	39	94	13	10	81	62	0	8	63	60	72	8	87	8	63	25	85	82	96	86	77	17	96	37	79	71	0	67	
Processor 3:	71	31	75	0	73	82	62	39	94	83	54	52	33	3	36	9	50	70	0	63	3	39	4	82	12	66	79	11	41	84	34	25	89	32	71	22	13	42	38	78	23	72	57	57	12	40	41	64	24	15	70	70	62	41	73	53	93	19	78	30	5	73	87	81	19	69	2	88	65	61	21	28	64	91	60	12	95	61	82	49	22	60	41	71	9	5	61	63	68	31	18	74	90	52	88	0	80	59	87	73	
Processor 3:	74	2	81	0	36	99	91	56	77	68	49	90	26	61	89	67	4	95	96	40	49	45	0	10	4	43	62	43	72	25	90	6	31	64	15	32	97	78	3	42	90	95	93	98	25	10	75	58	42	82	47	53	50	33	34	28	40	65	43	89	92	2	78	60	97	16	65	53	49	7	36	90	86	33	87	27	90	19	6	91	68	91	29	8	75	1	81	87	56	54	98	2	9	59	50	68	6	34	3	18	
Processor 3:	78	16	2	0	69	33	90	72	69	64	51	67	26	52	42	9	91	39	19	60	50	33	51	43	4	65	90	30	12	60	28	19	48	23	0	88	92	29	57	65	43	82	21	44	20	71	99	38	0	45	7	53	1	79	36	19	12	6	73	15	25	42	37	70	28	14	11	34	53	87	66	42	2	39	28	28	84	25	10	45	35	48	24	6	11	4	47	66	83	87	94	86	49	67	39	57	63	67	66	86	
Processor 3:	38	34	39	0	40	52	51	71	95	80	94	28	66	36	64	58	14	61	12	19	65	6	30	76	26	60	44	30	10	61	24	20	60	55	14	63	10	12	42	59	35	97	62	80	71	90	35	28	8	67	48	19	90	10	33	28	63	98	35	19	78	93	40	24	20	43	57	53	19	38	21	58	84	10	65	65	48	59	63	62	19	44	58	9	78	71	18	83	64	69	89	6	44	36	31	5	61	89	62	95	
Processor 3:	9	24	61	0	57	82	81	83	83	84	25	36	52	65	92	47	8	8	7	80	78	54	77	29	77	89	53	23	35	41	61	26	84	4	77	6	88	27	4	60	85	25	79	38	84	99	12	97	32	79	44	69	48	19	70	35	85	14	64	32	64	17	9	41	5	71	2	30	32	92	10	47	32	61	77	89	9	16	27	0	40	49	88	58	37	48	55	70	76	44	62	72	39	51	19	14	79	0	45	69	
Processor 3:	42	27	20	0	43	23	33	64	36	49	99	58	71	75	17	96	24	19	12	27	22	46	42	14	26	15	50	65	96	20	44	85	12	7	85	23	52	3	28	2	72	1	24	26	15	67	79	29	66	85	40	95	16	45	48	60	5	31	75	89	63	86	31	79	61	48	30	39	45	71	19	31	11	3	35	98	61	72	33	94	12	86	97	94	89	80	40	62	2	38	35	88	81	84	54	33	42	32	91	40	
Processor 3:	4	29	45	0	67	77	43	75	7	43	77	95	57	67	64	61	59	9	96	11	73	39	61	73	93	29	72	52	56	16	14	39	94	5	8	99	54	34	80	0	50	33	90	93	60	35	42	63	55	28	87	94	32	61	96	26	95	38	65	6	91	58	62	45	13	87	51	48	6	85	34	67	57	3	13	94	52	30	52	12	12	66	84	52	63	31	16	22	3	56	5	20	48	4	20	50	92	13	8	79	
Processor 3:	63	86	56	0	15	71	6	55	33	80	88	53	49	71	7	32	77	96	87	79	85	11	99	97	72	38	94	75	15	34	7	69	47	14	96	54	57	45	2	99	1	31	50	50	61	31	39	33	7	83	79	13	43	48	70	74	34	76	49	96	55	59	34	54	6	30	35	59	81	28	37	15	92	22	54	73	73	74	7	90	30	91	92	34	6	75	31	93	73	97	11	78	74	34	77	20	78	46	25	12	
Processor 3:	20	8	92	15	0	0	22	57	88	5	47	93	86	85	72	98	21	15	66	82	18	1	81	56	46	43	14	79	87	9	59	79	21	47	40	50	70	78	31	3	60	29	5	46	21	8	65	85	34	30	47	91	72	41	8	80	25	3	34	88	86	43	25	42	36	65	42	63	75	81	45	53	61	30	24	40	72	65	17	96	3	32	89	46	51	87	67	41	58	14	97	47	15	31	61	81	48	13	46	14	
Processor 3:	80	19	19	56	0	46	46	59	92	47	95	52	97	6	51	55	37	72	73	25	44	78	80	4	90	14	22	43	2	28	23	4	27	24	64	0	3	24	24	63	72	2	83	66	41	31	42	25	94	76	43	72	90	36	69	65	10	20	64	74	39	2	11	73	93	98	48	4	28	53	18	19	89	40	69	96	91	96	73	95	37	56	9	96	9	65	37	39	0	67	61	54	62	4	51	47	94	83	82	97	
Processor 3:	25	3	22	73	0	80	41	8	99	49	36	34	15	53	56	91	70	62	35	44	52	70	97	80	4	79	50	25	10	15	46	63	44	75	55	83	10	7	58	73	14	80	57	10	50	1	42	35	97	84	69	16	40	66	56	24	79	38	76	83	91	43	10	67	41	28	13	58	69	90	68	79	8	29	53	75	93	1	59	14	64	45	95	3	0	11	2	67	9	29	59	32	64	82	26	94	81	83	92	87	
Processor 3:	77	59	80	36	0	21	67	86	15	43	10	61	71	84	37	9	35	12	13	74	95	57	49	35	94	72	47	95	54	63	37	5	63	4	87	71	64	0	30	95	65	71	21	68	26	76	50	5	36	87	48	82	53	84	69	3Processor 4:	78	5	16	40	0	86	65	46	90	38	41	97	96	56	76	91	14	2	3	92	80	65	5	54	14	77	65	50	44	58	79	27	44	68	52	2	90	14	41	42	30	54	0	0	14	86	35	83	39	20	96	96	98	70	41	77	47	13	66	6	12	2	73	76	21	31	27	46	19	87	28	9	2	42	88	58	87	63	97	22	92	44	14	11	6	94	25	95	56	38	41	90	17	92	35	47	19	50	49	57	
Processor 4:	48	16	9	57	0	10	21	0	98	81	13	7	64	79	10	90	70	87	32	97	74	61	72	76	94	41	76	13	12	82	1	61	41	70	57	15	20	88	83	13	30	6	2	63	73	41	51	41	34	97	93	87	33	87	49	12	33	93	6	91	56	13	98	91	32	15	56	84	65	79	74	15	27	7	51	48	68	36	86	0	35	68	51	32	38	23	64	73	76	63	34	76	52	46	55	46	10	19	67	78	
Processor 4:	57	72	39	43	0	89	8	9	99	80	16	25	79	22	99	24	52	52	4	88	85	39	78	43	81	10	29	86	69	69	45	53	95	87	50	9	65	62	38	95	31	86	16	57	27	71	50	43	89	8	88	38	32	72	6	75	54	2	13	50	89	4	87	16	39	58	56	43	53	49	20	69	27	20	92	67	50	40	15	25	20	34	49	93	0	1	70	53	95	36	10	22	58	19	22	76	69	53	69	75	
Processor 4:	20	48	30	67	0	4	77	29	23	48	92	30	53	2	31	75	46	3	38	49	26	58	47	96	75	84	60	67	8	79	58	96	36	29	8	7	63	1	7	43	3	89	65	56	92	99	17	98	42	1	37	26	71	79	58	69	92	52	54	60	47	58	25	6	23	18	79	58	89	20	27	15	33	90	15	41	94	50	71	17	14	70	28	40	55	59	64	28	66	65	69	24	78	79	14	75	72	48	6	53	
Processor 4:	69	3	90	15	0	16	99	93	47	18	50	75	39	65	40	89	41	27	71	72	97	43	78	99	77	80	95	26	4	71	81	27	58	0	80	58	9	22	1	73	42	97	53	87	43	1	80	37	78	39	65	7	85	57	8	10	48	54	0	41	32	23	35	44	8	67	43	69	70	93	40	97	47	58	6	54	57	26	62	71	43	64	1	32	9	82	78	23	28	2	82	93	98	93	43	59	64	31	35	42	
Processor 4:	27	7	54	15	0	0	33	66	82	85	15	17	74	27	34	24	3	90	68	8	66	1	61	58	77	19	89	81	64	48	78	74	19	37	90	52	87	72	29	59	10	34	35	42	57	91	67	73	99	35	9	40	27	92	23	38	8	52	51	53	22	19	41	96	50	57	37	37	78	91	68	57	52	92	22	2	97	49	97	20	82	9	43	6	99	38	70	86	82	39	65	27	86	18	36	41	8	96	0	18	
Processor 4:	6	3	23	77	46	0	92	81	95	57	34	4	4	82	75	24	97	18	77	49	0	30	92	2	9	44	76	25	9	44	11	25	30	42	41	23	14	6	75	86	88	28	99	43	77	55	96	22	83	21	74	51	34	48	54	18	76	15	58	75	42	99	2	37	46	42	96	18	80	5	81	80	95	4	80	15	16	46	35	77	12	97	44	18	18	72	39	17	91	9	64	3	32	71	30	95	14	2	73	24	
Processor 4:	3	21	89	82	80	0	60	67	1	66	34	40	76	74	6	59	77	59	70	25	45	59	39	19	28	70	26	4	1	72	60	87	99	65	21	4	50	51	34	72	65	61	57	25	29	10	44	26	92	37	77	24	53	44	98	94	5	75	77	86	56	60	2	56	65	38	79	76	47	41	78	35	45	72	56	68	67	44	47	99	26	43	11	61	58	29	62	41	81	6	24	70	31	11	2	35	82	2	40	4	
Processor 4:	40	55	82	99	21	0	23	13	91	80	45	51	31	89	65	73	3	40	67	98	43	40	6	31	29	58	64	4	63	7	67	76	11	86	31	43	82	4	72	9	76	66	99	89	37	8	49	58	12	97	71	73	77	43	39	20	96	85	58	71	7	44	9	45	81	68	20	21	68	97	79	37	38	29	20	71	87	70	47	98	54	87	77	59	78	15	21	97	85	67	29	28	95	60	66	74	69	57	3	64	
Processor 4:	16	6	25	33	48	0	59	87	83	28	45	68	45	52	74	87	71	61	21	2	41	66	51	44	67	28	3	12	72	23	8	70	99	5	15	76	66	45	33	71	50	68	97	18	60	91	20	45	36	47	97	66	93	51	64	53	78	20	25	96	19	83	15	79	90	28	50	50	14	68	82	67	70	31	66	45	96	7	1	41	92	93	7	52	53	43	49	5	14	93	19	69	69	20	28	25	86	72	92	62	
Processor 4:	79	1	47	52	86	0	39	73	1	14	83	74	92	3	8	45	83	12	33	51	86	74	23	22	14	86	68	75	48	82	89	78	46	29	21	33	92	95	80	24	51	94	0	77	92	12	99	20	82	79	21	29	83	16	44	19	79	99	63	6	34	5	88	39	49	32	14	94	71	13	53	71	83	59	34	38	53	8	6	12	45	67	18	71	10	64	43	36	9	51	71	72	37	29	99	91	53	86	84	57	
Processor 4:	7	68	38	82	10	0	81	39	19	10	32	1	85	73	38	1	38	70	28	65	73	61	82	23	28	1	75	4	59	60	82	92	56	45	13	59	9	81	29	70	65	32	57	24	30	55	12	68	7	39	82	26	80	65	50	89	78	73	48	90	83	37	71	54	64	91	93	82	52	38	62	21	89	47	76	35	13	20	60	67	69	75	82	56	44	91	11	64	79	98	76	12	11	15	81	35	21	71	16	4	
Processor 4:	40	44	60	23	89	0	46	41	54	19	64	53	47	59	8	15	71	49	84	19	63	18	56	48	14	87	94	49	55	68	36	7	45	11	12	99	71	6	85	41	81	29	95	43	99	7	12	44	87	42	47	83	69	0	69	42	22	84	19	66	0	21	36	17	46	45	23	58	10	56	16	54	79	77	52	29	79	57	27	29	19	75	4	78	71	45	7	21	16	43	12	91	5	88	22	58	99	47	83	27	
Processor 4:	29	78	71	77	4	0	56	52	37	39	25	7	62	67	8	85	75	35	18	72	58	0	63	0	19	22	81	28	62	32	6	57	33	36	82	3	46	68	80	62	90	68	83	43	50	50	46	55	14	64	48	65	46	99	90Processor 5:	67	5	32	41	22	33	0	10	6	63	27	80	11	69	40	48	52	10	93	32	95	27	79	85	42	50	28	72	33	42	43	97	36	58	70	48	17	32	41	48	35	46	6	18	99	55	45	89	82	59	41	29	84	57	28	64	88	25	62	4	47	82	86	22	97	66	70	26	90	23	47	35	80	60	2	41	22	49	51	25	55	60	33	57	76	70	16	92	44	71	55	54	51	73	89	54	60	84	42	2	
Processor 5:	32	8	56	53	46	92	0	8	12	41	8	76	76	71	88	88	77	48	63	79	14	49	59	47	69	17	34	72	3	17	4	91	6	65	37	61	49	39	59	12	92	14	47	56	57	70	34	99	67	68	32	93	5	7	45	5	50	84	38	1	94	40	81	69	47	52	85	28	77	9	94	97	53	84	7	24	77	75	35	96	32	7	23	80	78	86	3	68	72	63	31	24	98	56	44	58	29	16	40	72	
Processor 5:	81	27	83	62	41	60	0	46	55	20	79	1	90	23	23	95	95	47	21	27	10	64	76	95	89	52	55	80	70	42	18	81	96	60	12	39	78	51	12	10	98	26	26	71	90	67	14	72	40	63	79	71	0	88	30	5	10	29	29	2	59	21	65	15	48	66	24	48	22	23	47	4	85	2	91	68	27	9	35	7	11	6	6	58	10	4	3	29	83	93	51	24	45	63	16	94	54	97	51	49	
Processor 5:	70	22	98	91	67	23	0	54	76	41	72	92	38	87	72	96	28	61	3	11	8	13	84	16	8	53	40	33	71	45	92	46	45	17	50	53	23	71	14	95	3	7	48	44	6	3	1	39	56	99	89	4	52	83	58	80	43	82	87	65	8	97	11	46	6	46	68	49	33	92	99	60	11	78	56	87	90	99	97	59	49	67	81	93	9	69	72	70	15	12	33	94	32	5	69	41	73	35	33	10	
Processor 5:	81	14	20	90	18	59	0	63	61	92	92	63	10	46	98	36	96	38	66	29	36	70	53	16	4	49	2	23	68	21	4	16	97	1	59	77	78	82	1	98	28	13	82	52	3	68	22	37	38	66	79	87	71	96	5	3	27	72	66	52	71	8	67	33	60	99	1	5	44	48	2	27	3	57	96	61	16	2	56	35	95	33	13	61	49	85	90	61	38	87	40	50	38	94	21	67	37	4	43	64	
Processor 5:	90	74	94	51	65	39	0	37	62	44	31	13	87	15	99	31	56	2	76	87	40	86	79	16	40	69	5	2	32	75	70	81	70	34	81	32	41	19	53	82	86	14	4	75	26	27	63	72	69	89	1	89	85	90	63	86	63	46	42	73	1	7	55	81	87	32	87	20	68	11	21	37	26	2	70	15	98	3	89	10	6	92	8	93	7	95	40	46	45	78	45	50	87	53	41	40	85	57	24	20	
Processor 5:	99	75	65	81	21	81	0	20	49	20	85	93	57	27	13	64	4	86	19	77	31	26	33	87	42	27	41	22	16	3	86	47	5	14	29	41	52	61	14	87	72	34	99	6	93	12	56	14	47	39	43	60	41	26	4	86	82	48	54	24	3	40	43	97	29	11	27	18	86	24	68	78	24	24	47	85	23	97	83	95	98	2	53	25	24	7	88	67	30	11	85	28	65	59	40	71	14	51	16	20	
Processor 5:	86	45	38	33	8	46	0	95	68	83	99	64	38	40	31	33	25	67	33	13	64	73	91	37	79	43	28	59	62	94	13	51	43	10	96	71	30	1	31	3	3	35	97	92	79	43	55	21	95	98	75	4	71	1	42	99	51	50	16	51	33	62	1	27	33	67	52	15	54	10	31	72	44	19	82	60	66	22	87	16	25	38	32	16	4	61	81	53	27	2	47	31	42	88	10	41	74	12	10	76	
Processor 5:	69	71	94	43	77	56	0	81	73	32	17	98	46	53	3	65	8	63	93	46	38	54	22	64	95	63	81	68	66	37	32	78	53	89	76	83	8	61	85	74	28	59	41	17	88	16	57	17	78	88	63	15	45	14	78	19	90	74	6	70	44	29	38	86	33	41	29	44	15	91	85	76	34	45	97	7	27	46	89	57	91	28	68	74	86	66	3	82	19	34	63	54	69	13	93	57	17	78	14	3	
Processor 5:	34	74	47	6	99	44	0	3	30	17	55	53	97	91	48	3	62	26	31	31	54	26	90	75	1	78	59	78	44	86	34	65	9	8	98	95	87	6	21	77	75	50	9	26	89	25	7	12	51	45	88	12	96	66	81	81	75	51	23	0	32	30	22	60	80	62	91	3	21	89	76	9	71	33	81	24	85	91	78	46	98	12	47	31	27	70	90	76	98	74	99	90	92	60	87	75	28	71	14	53	
Processor 5:	31	10	44	41	57	66	10	0	94	3	73	90	25	64	93	78	5	9	35	88	20	94	58	98	79	38	2	2	60	78	46	50	73	93	27	16	13	99	13	33	15	41	49	10	38	29	27	6	29	84	24	37	58	5	26	39	7	76	41	3	71	51	44	72	0	9	24	52	80	62	26	83	47	45	4	66	66	42	23	57	35	9	85	58	83	2	66	66	84	36	82	80	91	7	26	51	74	77	45	38	
Processor 5:	34	30	95	90	59	81	8	0	54	54	62	56	52	62	33	33	91	88	80	62	81	50	56	76	8	5	18	98	37	3	48	51	55	93	11	86	86	56	91	62	16	93	51	73	87	86	98	99	71	9	67	21	19	60	33	34	43	35	34	47	94	81	56	56	22	78	9	20	46	49	6	81	69	98	8	17	4	21	14	5	10	43	0	36	46	76	40	19	0	99	49	56	35	98	54	77	77	40	72	68	
Processor 5:	88	34	15	39	8	67	46	0	20	32	75	96	36	93	83	82	41	83	50	61	3	72	79	19	68	94	97	9	10	84	6	0	85	86	45	29	59	23	18	10	95	17	80	54	81	82	9	81	56	41	95	46	64	50	24	6	38	5	32	90	99	79	70	61	16	21	98	84	68	0	98	23	98	84	71	47	58	91	70	8	75	44	76	27	2	15	8	3	12	47	50	16	65	97	18	13	61	15	91	73	
Processor 5:	48	82	75	56	86	13	54	0	48	10	28	32	3	7	45	5	96	33	36	61	19	75	12	79	62	28	3	1	85	94	32	23	48	14	80	44	96	68	56	32	25	46	92	9	51	97	22	71	73	88	22	14	3	33	21	98	91Processor 6:	91	36	36	71	46	73	37	0	57	50	5	70	17	25	96	94	90	31	93	68	70	65	52	7	31	70	36	59	93	42	95	77	91	49	98	52	17	1	36	96	20	31	62	92	90	73	27	86	63	46	51	58	9	88	18	4	5	84	84	29	13	95	55	9	83	84	56	98	77	82	2	76	87	48	52	49	72	15	94	79	48	39	96	81	16	67	26	19	95	6	25	98	2	67	73	16	2	98	1	49	
Processor 6:	1	21	34	83	0	39	20	0	7	12	94	70	78	97	59	11	44	13	33	42	17	1	58	55	79	9	73	7	64	46	62	6	43	99	50	77	97	53	78	94	33	46	92	94	68	50	8	94	87	54	66	89	66	99	61	8	90	88	16	37	21	68	54	55	9	60	67	27	23	75	90	63	62	65	28	29	81	71	15	67	17	79	63	73	21	98	64	20	23	11	47	38	95	85	81	97	69	7	8	34	
Processor 6:	60	91	77	64	9	41	95	0	24	73	20	4	93	86	92	2	59	12	98	6	40	58	40	62	14	52	93	59	96	75	89	80	73	23	76	11	53	14	7	85	89	77	25	68	73	88	74	91	13	27	40	93	37	77	91	43	99	0	95	42	64	48	16	16	2	94	19	71	26	96	40	64	46	36	3	94	28	79	84	40	77	56	49	92	83	68	36	51	3	58	38	88	61	99	14	94	4	2	40	70	
Processor 6:	91	75	23	75	29	52	81	0	93	64	59	28	78	74	1	80	4	92	27	65	29	14	58	16	10	99	31	56	88	10	75	84	38	8	73	6	76	90	68	79	20	16	63	47	35	46	37	98	19	91	44	45	1	44	5	34	77	40	90	22	87	85	39	72	4	21	98	78	13	31	47	91	84	17	49	27	59	76	61	75	29	69	59	29	53	78	1	24	53	58	5	36	87	54	20	83	78	46	36	42	
Processor 6:	5	61	24	55	93	56	3	0	17	18	56	33	73	73	94	1	50	48	43	56	38	34	36	52	59	41	20	13	19	43	53	12	23	12	90	54	59	5	10	92	98	46	17	72	80	5	4	78	68	55	92	29	1	95	61	54	77	32	32	34	37	80	82	92	45	20	1	80	75	12	4	83	57	81	74	36	35	88	1	37	43	77	24	92	11	57	15	31	34	52	44	69	93	34	18	21	97	23	96	76	
Processor 6:	16	79	22	14	88	82	6	94	0	16	89	47	14	92	62	59	8	44	3	69	13	19	9	34	62	43	57	30	69	41	9	71	96	21	80	42	70	98	42	3	73	10	59	61	89	60	77	31	62	87	27	26	7	37	1	32	88	17	7	87	37	15	25	47	91	42	15	12	63	30	39	57	85	83	16	74	76	69	16	35	29	92	41	21	24	3	86	83	1	18	52	28	62	54	56	46	78	17	72	24	
Processor 6:	48	5	55	69	92	95	12	54	0	31	47	38	29	91	93	38	51	94	56	20	95	21	94	93	7	59	16	46	11	65	71	24	55	98	84	77	17	18	11	41	77	60	80	21	17	30	52	2	24	93	9	91	79	39	70	67	77	49	72	1	4	97	76	75	64	68	94	89	42	66	21	66	31	47	55	73	71	3	2	23	74	81	25	34	30	17	78	48	24	0	13	40	6	23	93	75	90	73	11	90	
Processor 6:	61	25	14	94	99	1	55	20	0	43	72	5	8	16	98	74	47	10	83	63	83	88	72	67	19	84	32	45	16	19	96	14	36	32	92	19	39	25	27	8	62	2	76	2	12	68	94	35	27	90	59	79	4	65	15	15	89	31	57	95	81	19	89	6	99	32	61	37	0	94	31	6	70	24	36	97	6	6	65	23	62	60	59	6	42	59	79	35	56	27	32	62	58	6	32	27	53	4	39	33	
Processor 6:	40	36	41	77	15	91	76	48	0	8	14	57	25	68	38	8	34	64	35	57	79	61	29	27	71	48	49	76	87	71	66	94	8	77	63	41	74	30	99	73	90	97	5	98	81	23	19	58	47	26	48	18	11	98	15	24	34	81	36	40	30	57	24	4	38	82	20	36	12	28	97	3	33	43	96	19	62	20	67	40	94	42	54	74	71	56	23	22	67	68	31	22	50	89	91	49	96	55	68	16	
Processor 6:	47	74	23	69	63	83	61	27	0	87	78	33	35	3	86	94	9	49	2	37	24	77	34	17	68	16	64	34	69	66	60	89	99	54	38	85	87	32	0	19	25	66	98	92	85	70	95	4	84	47	21	36	43	65	51	28	51	80	52	97	16	70	62	57	64	59	25	52	33	25	75	94	50	45	40	62	8	1	26	33	68	54	93	28	58	76	24	89	49	71	67	42	19	45	90	2	45	1	76	10	
Processor 6:	97	69	30	95	90	1	62	57	0	7	46	32	53	12	97	46	28	83	97	10	76	45	50	18	28	32	36	30	52	88	10	8	47	55	67	77	85	60	82	78	65	94	63	71	85	65	77	22	56	41	41	71	94	26	71	65	77	39	54	14	66	91	69	89	97	62	81	81	13	38	79	88	94	71	31	95	93	41	88	64	97	58	43	56	63	30	46	44	98	69	6	97	91	32	59	32	8	6	69	78	
Processor 6:	31	89	81	83	98	19	49	7	0	42	14	23	24	77	16	44	7	68	34	43	94	32	10	22	35	60	39	60	3	28	61	65	42	36	90	4	84	61	71	7	13	14	6	45	55	44	66	47	11	31	5	3	63	60	34	65	12	74	4	40	46	35	33	38	34	53	67	32	92	56	46	20	78	8	26	20	6	11	92	17	78	36	37	51	89	65	2	33	49	57	11	90	16	60	39	8	50	15	91	16	
Processor 6:	68	58	53	36	99	54	68	24	0	21	31	64	25	34	91	47	77	20	14	84	0	98	66	44	35	16	57	83	67	13	5	5	51	36	10	75	12	45	27	25	70	34	45	92	66	40	9	81	77	34	49	45	62	17	99	26	64	44	18	0	59	63	45	11	47	56	62	97	5	91	26	41	47	35	13	94	76	95	84	62	17	74	42	46	57	70	75	79	38	43	78	10	85	32	13	4	56	12	39	88	
Processor 6:	65	25	33	7	23	37	73	93	0	65	19	28	62	79	81	64	38	89	89	98	76	51	42	37	75	63	42	57	84	10	58	95	33	41	26	54	33	31	70	97	94	1	34	8	14	9	57	48	26	44	Processor 7:	37	80	18	0	5	85	63	3	16	0	16	88	89	9	25	89	69	12	41	43	43	78	88	41	89	56	1	88	58	39	92	91	57	64	38	12	8	99	51	96	27	40	67	46	6	8	75	14	87	21	55	15	61	63	95	97	26	1	26	19	98	95	81	14	52	28	60	50	31	32	77	8	68	89	4	39	90	48	41	79	9	67	86	28	12	90	81	8	24	95	39	85	77	94	10	0	28	71	23	40	
Processor 7:	81	22	53	7	47	57	41	54	31	0	81	60	7	4	54	0	52	94	31	98	21	77	29	87	74	90	85	31	27	75	68	97	86	80	41	43	51	57	32	87	44	10	30	58	2	21	11	24	33	69	51	74	39	0	7	80	52	31	46	74	31	90	67	15	11	21	42	23	28	10	75	31	27	14	47	40	44	89	3	19	32	62	0	59	37	86	13	80	84	63	78	62	0	47	16	26	90	45	62	4	
Processor 7:	85	46	1	83	49	66	20	32	43	0	32	38	14	11	67	43	63	41	91	13	73	25	27	86	61	26	49	7	85	15	90	8	90	97	36	4	89	2	52	95	98	62	48	11	78	21	73	52	61	32	93	8	41	48	2	47	83	16	50	29	65	12	14	73	53	96	28	73	93	73	49	61	51	74	38	47	40	1	60	3	19	13	64	40	58	23	64	24	83	51	48	26	68	51	0	76	31	97	75	5	
Processor 7:	90	79	25	68	43	80	41	10	8	0	1	5	23	52	7	97	78	72	58	92	87	58	41	36	14	20	76	10	70	92	59	46	52	0	82	24	85	4	82	84	71	81	77	32	80	34	8	29	46	13	98	67	57	3	72	3	42	9	33	81	99	37	64	71	19	62	99	12	99	22	9	22	43	89	67	30	0	93	99	31	96	10	48	70	35	46	81	9	2	55	37	37	78	94	0	20	54	3	12	0	
Processor 7:	92	27	61	64	25	28	92	10	87	0	78	60	59	33	91	50	68	55	8	0	34	34	58	36	80	13	3	73	95	4	31	32	56	95	31	49	66	23	77	38	10	42	85	27	41	66	30	89	62	55	38	28	60	3	75	91	11	10	14	24	48	77	46	87	80	47	59	96	3	65	20	58	12	54	14	22	48	18	29	53	14	17	4	2	35	82	68	48	73	59	30	6	4	4	16	44	16	64	58	58	
Processor 7:	30	12	29	80	38	14	44	50	7	0	13	87	84	92	74	13	74	14	60	50	29	67	55	41	80	26	29	70	70	19	48	96	6	29	17	59	57	10	77	69	71	48	13	30	42	9	33	45	44	71	37	26	5	31	73	93	3	26	50	28	90	11	74	40	93	93	2	39	40	3	43	26	99	50	52	57	51	12	87	34	18	39	37	23	20	65	34	12	39	82	99	56	4	1	10	68	33	8	64	62	
Processor 7:	77	98	61	84	81	10	20	12	42	0	24	59	88	23	49	99	88	6	7	9	87	4	93	2	72	88	13	41	27	87	86	16	20	90	52	0	3	83	77	46	23	57	10	7	20	13	44	69	46	55	62	52	57	28	95	9	42	59	3	18	90	7	71	61	28	17	75	35	63	44	54	29	15	97	7	68	27	6	83	9	92	18	55	36	23	79	73	93	68	57	55	55	32	97	49	12	72	42	80	28	
Processor 7:	78	71	92	49	80	19	83	73	21	0	46	0	30	38	90	61	64	98	33	75	37	80	85	64	54	72	52	90	89	70	29	63	18	94	93	45	66	67	23	13	28	63	50	27	50	51	4	21	78	89	5	3	14	57	31	50	45	18	56	2	14	49	23	22	67	94	20	71	90	14	55	90	16	46	69	21	71	94	7	92	85	12	46	46	90	50	71	95	79	85	16	29	99	48	21	9	7	5	90	24	
Processor 7:	62	49	58	43	48	39	32	64	65	0	75	39	96	66	81	61	99	56	61	22	47	70	4	30	24	2	60	7	16	67	61	3	20	13	77	29	3	32	97	24	71	83	57	21	14	23	41	88	32	19	11	50	58	68	69	17	32	56	48	86	1	42	65	73	31	38	19	8	78	18	86	1	35	91	60	38	60	4	40	2	62	73	49	0	75	56	65	41	74	6	62	21	93	79	20	80	58	87	39	56	
Processor 7:	39	96	75	80	18	9	17	18	74	0	63	42	5	74	83	68	98	44	75	9	87	85	93	25	70	89	12	36	91	9	70	48	2	34	40	87	34	91	94	32	16	82	71	24	98	31	56	77	61	93	32	25	35	69	74	80	44	6	79	87	65	97	67	99	56	94	80	6	89	9	85	99	11	56	42	41	99	75	94	84	90	28	3	57	4	51	18	3	90	34	75	52	58	18	38	45	83	69	50	63	
node  90:	0
node  91:	0
node  92:	0
node  93:	0
node  94:	0
node  95:	0
node  96:	0
node  97:	0
node  98:	0
node  99:	0
	93	10	4	88	34	94	43	0	95	91	33	44	32	55	46	16	97	66	1	0	4	52	45	15	74	95	51	54	53	57	29	71	77	32	20	28	88	88	37	81	49	85	47	
Processor 5:	39	95	9	72	62	87	63	0	27	10	44	86	56	5	10	15	63	57	34	40	12	3	69	94	81	24	36	66	98	30	85	69	13	34	23	44	41	11	46	98	40	74	52	39	87	96	23	41	68	83	88	42	17	51	18	83	34	91	14	17	98	0	85	62	46	20	25	64	65	28	42	6	56	38	97	75	29	39	52	67	60	66	42	4	20	70	2	74	35	51	44	44	64	60	44	83	97	85	76	7	
node  60:	0
node  61:	0
node  62:	0
node  63:	0
node  64:	0
node  65:	0
node  66:	0
node  67:	0
node  68:	0
node  69:	0
node  70:	0
node  71:	0
node  72:	0
node  73:	0
node  74:	0
6	82	39	42	21	15	3	19	37	52	21	62	77	85	29	55	49	9	15	21	80	91	44	83	11	13	90	15	24	76	7	40	67	10	44	5	82	61	86	24	36	21	69	56	5	
Processor 3:	13	0	93	69	0	48	18	62	63	25	56	70	56	89	95	66	16	15	84	35	77	60	46	57	87	16	44	19	12	11	16	26	86	70	5	73	11	92	34	97	23	82	33	31	78	74	11	13	29	5	15	37	90	48	44	46	24	5	88	97	74	10	23	50	51	12	79	68	37	20	51	30	59	42	45	75	58	46	58	57	45	16	29	60	31	96	37	5	56	42	9	60	69	17	72	20	36	96	65	25	
node  30:	0
node  31:	0
node  32:	0
node  33:	0
node  34:	0
node  35:	0
node  36:	0
node  37:	0
node  38:	0
node  39:	0
node  40:	0
node  41:	0
node  42:	0
node  43:	0
node  44:	0
2	74	78	59	31	85	23	99	7	2	94	80	51	67	14	80	31	35	48	13	26	82	10	33	27	1	67	33	44	82	8	52	15	54	71	74	10	32	38	78	60	93	49	
Processor 1:	20	0	14	16	0	6	14	95	74	27	43	34	0	91	52	98	67	93	21	60	69	59	48	86	72	94	99	23	79	81	29	42	44	66	2	10	53	47	90	96	87	65	16	45	7	57	66	77	53	21	96	80	40	98	8	10	84	83	65	29	93	3	69	29	19	41	30	29	48	85	93	38	57	29	1	33	98	60	15	86	68	8	15	33	66	44	58	86	72	38	63	15	79	39	47	61	66	19	36	48	
node  0:	0
node  1:	0
node  2:	0
node  3:	0
node  4:	0
node  5:	0
node  6:	0
node  7:	0
node  8:	0
node  9:	0
node  10:	0
node  11:	0
node  12:	0
node  13:	0
node  14:	0
29	45	20	57	13	87	67	40	24	6	12	31	86	73	21	89	25	46	90	90	66	40	57	21	24	5	72	84	36	39	15	29	50	67	74	80	77	64	17	28	78	1	9	5	26	51	88	49	90	73	
Processor 6:	18	67	56	33	47	88	30	17	0	74	16	2	1	58	77	0	26	29	9	7	26	2	75	44	13	87	57	71	90	54	56	32	40	75	79	23	52	40	61	60	2	48	18	96	34	36	45	26	32	98	82	76	58	90	15	66	97	46	7	86	51	31	56	32	54	16	18	94	5	55	74	86	58	85	94	57	86	95	44	38	32	21	47	96	6	73	65	12	88	98	0	99	52	31	11	35	9	94	79	60	
node  75:	0
node  76:	0
node  77:	0
node  78:	0
node  79:	0
node  80:	0
node  81:	0
node  82:	0
node  83:	0
node  84:	0
node  85:	0
node  86:	0
node  87:	0
node  88:	0
node  89:	0
8	75	54	7	30	72	60	59	92	92	36	33	47	89	23	38	71	22	33	18	62	34	52	21	22	7	96	49	46	7	41	73	35	75	64	19	92	34	74	77	85	8	8	75	73	88	33	13	35	72	
Processor 2:	1	11	0	56	90	75	47	24	56	75	22	70	54	19	68	48	74	89	88	27	33	45	68	47	59	91	1	16	50	74	71	78	51	83	50	82	28	54	9	8	53	2	62	39	19	18	75	0	48	28	22	76	67	85	64	1	56	40	80	76	2	27	90	42	11	38	32	44	59	91	89	38	82	11	87	37	40	70	98	0	13	69	19	1	94	42	23	46	5	31	90	12	41	55	75	27	22	64	62	30	
node  15:	0
node  16:	0
node  17:	0
node  18:	0
node  19:	0
node  20:	0
node  21:	0
node  22:	0
node  23:	0
node  24:	0
node  25:	0
node  26:	0
node  27:	0
node  28:	0
node  29:	0
	77	26	56	8	90	16	92	1	26	92	28	92	62	34	61	91	83	92	15	99	44	52	37	84	27	75	23	36	99	90	12	48	33	40	96	10	44	43	41	96	41	5	1	80	99	
Processor 4:	93	36	75	71	16	0	44	56	88	9	13	37	24	41	29	68	66	83	29	59	98	26	5	88	65	15	45	38	52	18	11	26	70	74	69	1	42	4	5	70	79	70	90	76	61	3	84	40	87	35	82	37	63	14	34	75	13	84	24	84	58	47	62	51	91	61	21	46	43	27	53	28	13	66	31	27	10	94	24	35	35	58	98	71	94	67	86	77	28	47	94	70	86	3	13	77	98	61	67	92	
node  45:	0
node  46:	0
node  47:	0
node  48:	0
node  49:	0
node  50:	0
node  51:	0
node  52:	0
node  53:	0
node  54:	0
node  55:	0
node  56:	0
node  57:	0
node  58:	0
node  59:	0
Begin to read the matrix!
The first integer of the file should be the size of the matrix!
Input the file name of the matrix:Input the start node:Finish reading the matrix,the nodenum is: 100;
